02,06,2019,11:43:32 7
02,06,2019,11:44:32 46
02,06,2019,11:45:32 79
02,06,2019,11:46:32 95
02,06,2019,11:47:32 71
02,06,2019,11:48:32 87
02,06,2019,11:49:32 8
02,06,2019,11:50:32 10
02,06,2019,11:51:32 88
02,06,2019,11:52:32 68
02,06,2019,11:53:32 29
02,06,2019,11:54:32 13
02,06,2019,11:55:32 0
02,06,2019,11:56:32 96
02,06,2019,11:57:32 30
02,06,2019,11:58:32 56
02,06,2019,11:59:32 12
02,06,2019,12:00:32 17
02,06,2019,12:01:32 49
02,06,2019,12:02:32 16
02,06,2019,12:03:32 88
02,06,2019,12:04:32 49
02,06,2019,12:05:32 30
02,06,2019,12:06:32 36
02,06,2019,12:07:32 38
02,06,2019,12:08:32 0
02,06,2019,12:09:32 67
02,06,2019,12:10:32 34
02,06,2019,12:11:32 99
02,06,2019,12:12:32 36
02,06,2019,12:13:32 10
02,06,2019,12:14:32 36
02,06,2019,12:15:32 66
02,06,2019,12:16:32 78
02,06,2019,12:17:32 42
02,06,2019,12:18:32 30
02,06,2019,12:19:32 17
02,06,2019,12:20:32 17
02,06,2019,12:21:32 27
02,06,2019,12:22:32 80
02,06,2019,12:23:32 39
02,06,2019,12:24:32 8
02,06,2019,12:25:32 59
02,06,2019,12:26:32 67
02,06,2019,12:27:32 96
02,06,2019,12:28:32 33
02,06,2019,12:29:32 65
02,06,2019,12:30:32 84
02,06,2019,12:31:32 53
02,06,2019,12:32:32 52
02,06,2019,12:33:32 70
02,06,2019,12:34:32 80
02,06,2019,12:35:32 30
02,06,2019,12:36:32 30
02,06,2019,12:37:32 45
02,06,2019,12:38:32 62
02,06,2019,12:39:32 33
02,06,2019,12:40:32 46
02,06,2019,12:41:32 98
02,06,2019,12:42:32 53
02,06,2019,12:43:32 59
02,06,2019,12:44:32 38
02,06,2019,12:45:32 8
02,06,2019,12:46:32 2
02,06,2019,12:47:32 21
02,06,2019,12:48:32 71
02,06,2019,12:49:32 51
02,06,2019,12:50:32 92
02,06,2019,12:51:32 6
02,06,2019,12:52:32 4
02,06,2019,12:53:32 73
02,06,2019,12:54:32 71
02,06,2019,12:55:32 5
02,06,2019,12:56:32 17
02,06,2019,12:57:32 36
02,06,2019,12:58:32 81
02,06,2019,12:59:32 84
02,06,2019,13:00:32 56
02,06,2019,13:01:32 71
02,06,2019,13:02:32 29
02,06,2019,13:03:32 24
02,06,2019,13:04:32 16
02,06,2019,13:05:32 50
02,06,2019,13:06:32 24
02,06,2019,13:07:32 62
02,06,2019,13:08:32 45
02,06,2019,13:09:32 39
02,06,2019,13:10:32 9
02,06,2019,13:11:32 83
02,06,2019,13:12:32 98
02,06,2019,13:13:32 22
02,06,2019,13:14:32 47
02,06,2019,13:15:32 47
02,06,2019,13:16:32 89
02,06,2019,13:17:32 0
02,06,2019,13:18:32 42
02,06,2019,13:19:32 37
02,06,2019,13:20:32 32
02,06,2019,13:21:32 7
02,06,2019,13:22:32 3
02,06,2019,13:23:32 0
02,06,2019,13:24:32 15
02,06,2019,13:25:32 34
02,06,2019,13:26:32 11
02,06,2019,13:27:32 12
02,06,2019,13:28:32 32
02,06,2019,13:29:32 69
02,06,2019,13:30:32 81
02,06,2019,13:31:32 15
02,06,2019,13:32:32 67
02,06,2019,13:33:32 28
02,06,2019,13:34:32 59
02,06,2019,13:35:32 19
02,06,2019,13:36:32 21
02,06,2019,13:37:32 42
02,06,2019,13:38:32 66
02,06,2019,13:39:32 20
02,06,2019,13:40:32 41
02,06,2019,13:41:32 89
02,06,2019,13:42:32 1
02,06,2019,13:43:32 53
02,06,2019,13:44:32 27
02,06,2019,13:45:32 84
02,06,2019,13:46:32 29
02,06,2019,13:47:32 91
02,06,2019,13:48:32 30
02,06,2019,13:49:32 61
02,06,2019,13:50:32 54
02,06,2019,13:51:32 84
02,06,2019,13:52:32 76
02,06,2019,13:53:32 68
02,06,2019,13:54:32 99
02,06,2019,13:55:32 57
02,06,2019,13:56:32 64
02,06,2019,13:57:32 24
02,06,2019,13:58:32 61
02,06,2019,13:59:32 87
02,06,2019,14:00:32 99
02,06,2019,14:01:32 1
02,06,2019,14:02:32 22
02,06,2019,14:03:32 71
02,06,2019,14:04:32 40
02,06,2019,14:05:32 83
02,06,2019,14:06:32 96
02,06,2019,14:07:32 25
02,06,2019,14:08:32 60
02,06,2019,14:09:32 23
02,06,2019,14:10:32 8
02,06,2019,14:11:32 78
02,06,2019,14:12:32 14
02,06,2019,14:13:32 71
02,06,2019,14:14:32 44
02,06,2019,14:15:32 18
02,06,2019,14:16:32 37
02,06,2019,14:17:32 10
02,06,2019,14:18:32 49
02,06,2019,14:19:32 54
02,06,2019,14:20:32 63
02,06,2019,14:21:32 33
02,06,2019,14:22:32 47
02,06,2019,14:23:32 50
02,06,2019,14:24:32 1
02,06,2019,14:25:32 34
02,06,2019,14:26:32 73
02,06,2019,14:27:32 8
02,06,2019,14:28:32 37
02,06,2019,14:29:32 9
02,06,2019,14:30:32 90
02,06,2019,14:31:32 39
02,06,2019,14:32:32 39
02,06,2019,14:33:32 58
02,06,2019,14:34:32 47
02,06,2019,14:35:32 11
02,06,2019,14:36:32 62
02,06,2019,14:37:32 96
02,06,2019,14:38:32 23
02,06,2019,14:39:32 74
02,06,2019,14:40:32 84
02,06,2019,14:41:32 35
02,06,2019,14:42:32 24
02,06,2019,14:43:32 8
02,06,2019,14:44:32 14
02,06,2019,14:45:32 86
02,06,2019,14:46:32 41
02,06,2019,14:47:32 19
02,06,2019,14:48:32 13
02,06,2019,14:49:32 20
02,06,2019,14:50:32 35
02,06,2019,14:51:32 52
02,06,2019,14:52:32 81
02,06,2019,14:53:32 66
02,06,2019,14:54:32 10
02,06,2019,14:55:32 65
02,06,2019,14:56:32 22
02,06,2019,14:57:32 68
02,06,2019,14:58:32 58
02,06,2019,14:59:32 53
02,06,2019,15:00:32 31
02,06,2019,15:01:32 11
02,06,2019,15:02:32 18
02,06,2019,15:03:32 2
02,06,2019,15:04:32 7
02,06,2019,15:05:32 26
02,06,2019,15:06:32 28
02,06,2019,15:07:32 39
02,06,2019,15:08:32 52
02,06,2019,15:09:32 52
02,06,2019,15:10:32 96
02,06,2019,15:11:32 36
02,06,2019,15:12:32 90
02,06,2019,15:13:32 47
02,06,2019,15:14:32 47
02,06,2019,15:15:32 71
02,06,2019,15:16:32 81
02,06,2019,15:17:32 26
02,06,2019,15:18:32 35
02,06,2019,15:19:32 44
02,06,2019,15:20:32 100
02,06,2019,15:21:32 25
02,06,2019,15:22:32 48
02,06,2019,15:23:32 14
02,06,2019,15:24:32 43
02,06,2019,15:25:32 60
02,06,2019,15:26:32 12
02,06,2019,15:27:32 80
02,06,2019,15:28:32 8
02,06,2019,15:29:32 66
02,06,2019,15:30:32 44
02,06,2019,15:31:32 4
02,06,2019,15:32:32 91
02,06,2019,15:33:32 66
02,06,2019,15:34:32 57
02,06,2019,15:35:32 91
02,06,2019,15:36:32 76
02,06,2019,15:37:32 78
02,06,2019,15:38:32 90
02,06,2019,15:39:32 77
02,06,2019,15:40:32 23
02,06,2019,15:41:32 4
02,06,2019,15:42:32 18
02,06,2019,15:43:32 2
02,06,2019,15:44:32 80
02,06,2019,15:45:32 88
02,06,2019,15:46:32 31
02,06,2019,15:47:32 1
02,06,2019,15:48:32 63
02,06,2019,15:49:32 91
02,06,2019,15:50:32 15
02,06,2019,15:51:32 59
02,06,2019,15:52:32 20
02,06,2019,15:53:32 37
02,06,2019,15:54:32 37
02,06,2019,15:55:32 65
02,06,2019,15:56:32 79
02,06,2019,15:57:32 85
02,06,2019,15:58:32 73
02,06,2019,15:59:32 92
02,06,2019,16:00:32 24
02,06,2019,16:01:32 25
02,06,2019,16:02:32 15
02,06,2019,16:03:32 42
02,06,2019,16:04:32 21
02,06,2019,16:05:32 33
02,06,2019,16:06:32 20
02,06,2019,16:07:32 24
02,06,2019,16:08:32 85
02,06,2019,16:09:32 29
02,06,2019,16:10:32 24
02,06,2019,16:11:32 65
02,06,2019,16:12:32 30
02,06,2019,16:13:32 26
02,06,2019,16:14:32 47
02,06,2019,16:15:32 12
02,06,2019,16:16:32 99
02,06,2019,16:17:32 76
02,06,2019,16:18:32 86
02,06,2019,16:19:32 99
02,06,2019,16:20:32 66
02,06,2019,16:21:32 71
02,06,2019,16:22:32 23
02,06,2019,16:23:32 63
02,06,2019,16:24:32 1
02,06,2019,16:25:32 11
02,06,2019,16:26:32 52
02,06,2019,16:27:32 60
02,06,2019,16:28:32 67
02,06,2019,16:29:32 53
02,06,2019,16:30:32 72
02,06,2019,16:31:32 87
02,06,2019,16:32:32 28
02,06,2019,16:33:32 0
02,06,2019,16:34:32 49
02,06,2019,16:35:32 76
02,06,2019,16:36:32 89
02,06,2019,16:37:32 32
02,06,2019,16:38:32 1
02,06,2019,16:39:32 77
02,06,2019,16:40:32 45
02,06,2019,16:41:32 63
02,06,2019,16:42:32 40
02,06,2019,16:43:32 63
02,06,2019,16:44:32 14
02,06,2019,16:45:32 45
02,06,2019,16:46:32 57
02,06,2019,16:47:32 46
02,06,2019,16:48:32 56
02,06,2019,16:49:32 51
02,06,2019,16:50:32 51
02,06,2019,16:51:32 57
02,06,2019,16:52:32 94
02,06,2019,16:53:32 88
02,06,2019,16:54:32 36
02,06,2019,16:55:32 38
02,06,2019,16:56:32 7
02,06,2019,16:57:32 95
02,06,2019,16:58:32 61
02,06,2019,16:59:32 39
02,06,2019,17:00:32 89
02,06,2019,17:01:32 64
02,06,2019,17:02:32 95
02,06,2019,17:03:32 59
02,06,2019,17:04:32 90
02,06,2019,17:05:32 9
02,06,2019,17:06:32 3
02,06,2019,17:07:32 15
02,06,2019,17:08:32 88
02,06,2019,17:09:32 91
02,06,2019,17:10:32 9
02,06,2019,17:11:32 94
02,06,2019,17:12:32 66
02,06,2019,17:13:32 51
02,06,2019,17:14:32 45
02,06,2019,17:15:32 27
02,06,2019,17:16:32 22
02,06,2019,17:17:32 67
02,06,2019,17:18:32 11
02,06,2019,17:19:32 51
02,06,2019,17:20:32 31
02,06,2019,17:21:32 41
02,06,2019,17:22:32 91
02,06,2019,17:23:32 45
02,06,2019,17:24:32 27
02,06,2019,17:25:32 3
02,06,2019,17:26:32 26
02,06,2019,17:27:32 25
02,06,2019,17:28:32 81
02,06,2019,17:29:32 88
02,06,2019,17:30:32 64
02,06,2019,17:31:32 19
02,06,2019,17:32:32 34
02,06,2019,17:33:32 63
02,06,2019,17:34:32 73
02,06,2019,17:35:32 66
02,06,2019,17:36:32 43
02,06,2019,17:37:32 4
02,06,2019,17:38:32 58
02,06,2019,17:39:32 14
02,06,2019,17:40:32 72
02,06,2019,17:41:32 44
02,06,2019,17:42:32 81
02,06,2019,17:43:32 83
02,06,2019,17:44:32 42
02,06,2019,17:45:32 6
02,06,2019,17:46:32 2
02,06,2019,17:47:32 21
02,06,2019,17:48:32 44
02,06,2019,17:49:32 8
02,06,2019,17:50:32 58
02,06,2019,17:51:32 83
02,06,2019,17:52:32 27
02,06,2019,17:53:32 47
02,06,2019,17:54:32 28
02,06,2019,17:55:32 3
02,06,2019,17:56:32 71
02,06,2019,17:57:32 100
02,06,2019,17:58:32 84
02,06,2019,17:59:32 46
02,06,2019,18:00:32 69
02,06,2019,18:01:32 82
02,06,2019,18:02:32 94
02,06,2019,18:03:32 9
02,06,2019,18:04:32 89
02,06,2019,18:05:32 16
02,06,2019,18:06:32 60
02,06,2019,18:07:32 94
02,06,2019,18:08:32 93
02,06,2019,18:09:32 16
02,06,2019,18:10:32 39
02,06,2019,18:11:32 23
02,06,2019,18:12:32 14
02,06,2019,18:13:32 31
02,06,2019,18:14:32 40
02,06,2019,18:15:32 25
02,06,2019,18:16:32 38
02,06,2019,18:17:32 93
02,06,2019,18:18:32 20
02,06,2019,18:19:32 8
02,06,2019,18:20:32 15
02,06,2019,18:21:32 85
02,06,2019,18:22:32 26
02,06,2019,18:23:32 54
02,06,2019,18:24:32 95
02,06,2019,18:25:32 38
02,06,2019,18:26:32 36
02,06,2019,18:27:32 75
02,06,2019,18:28:32 55
02,06,2019,18:29:32 19
02,06,2019,18:30:32 62
02,06,2019,18:31:32 97
02,06,2019,18:32:32 69
02,06,2019,18:33:32 32
02,06,2019,18:34:32 19
02,06,2019,18:35:32 51
02,06,2019,18:36:32 47
02,06,2019,18:37:32 69
02,06,2019,18:38:32 44
02,06,2019,18:39:32 18
02,06,2019,18:40:32 6
02,06,2019,18:41:32 68
02,06,2019,18:42:32 46
02,06,2019,18:43:32 49
02,06,2019,18:44:32 63
02,06,2019,18:45:32 41
02,06,2019,18:46:32 68
02,06,2019,18:47:32 59
02,06,2019,18:48:32 67
02,06,2019,18:49:32 79
02,06,2019,18:50:32 34
02,06,2019,18:51:32 57
02,06,2019,18:52:32 90
02,06,2019,18:53:32 49
02,06,2019,18:54:32 66
02,06,2019,18:55:32 93
02,06,2019,18:56:32 54
02,06,2019,18:57:32 38
02,06,2019,18:58:32 45
02,06,2019,18:59:32 99
02,06,2019,19:00:32 59
02,06,2019,19:01:32 31
02,06,2019,19:02:32 42
02,06,2019,19:03:32 84
02,06,2019,19:04:32 71
02,06,2019,19:05:32 61
02,06,2019,19:06:32 95
02,06,2019,19:07:32 39
02,06,2019,19:08:32 59
02,06,2019,19:09:32 81
02,06,2019,19:10:32 2
02,06,2019,19:11:32 19
02,06,2019,19:12:32 85
02,06,2019,19:13:32 4
02,06,2019,19:14:32 6
02,06,2019,19:15:32 50
02,06,2019,19:16:32 48
02,06,2019,19:17:32 34
02,06,2019,19:18:32 16
02,06,2019,19:19:32 94
02,06,2019,19:20:32 60
02,06,2019,19:21:32 88
02,06,2019,19:22:32 83
02,06,2019,19:23:32 35
02,06,2019,19:24:32 86
02,06,2019,19:25:32 55
02,06,2019,19:26:32 15
02,06,2019,19:27:32 0
02,06,2019,19:28:32 22
02,06,2019,19:29:32 24
02,06,2019,19:30:32 50
02,06,2019,19:31:32 73
02,06,2019,19:32:32 44
02,06,2019,19:33:32 15
02,06,2019,19:34:32 6
02,06,2019,19:35:32 94
02,06,2019,19:36:32 74
02,06,2019,19:37:32 84
02,06,2019,19:38:32 90
02,06,2019,19:39:32 18
02,06,2019,19:40:32 3
02,06,2019,19:41:32 66
02,06,2019,19:42:32 63
02,06,2019,19:43:32 62
02,06,2019,19:44:32 16
02,06,2019,19:45:32 92
02,06,2019,19:46:32 1
02,06,2019,19:47:32 39
02,06,2019,19:48:32 4
02,06,2019,19:49:32 99
02,06,2019,19:50:32 43
02,06,2019,19:51:32 17
02,06,2019,19:52:32 76
02,06,2019,19:53:32 34
02,06,2019,19:54:32 43
02,06,2019,19:55:32 28
02,06,2019,19:56:32 23
02,06,2019,19:57:32 42
02,06,2019,19:58:32 74
02,06,2019,19:59:32 8
02,06,2019,20:00:32 0
02,06,2019,20:01:32 83
02,06,2019,20:02:32 57
02,06,2019,20:03:32 95
02,06,2019,20:04:32 72
02,06,2019,20:05:32 8
02,06,2019,20:06:32 49
02,06,2019,20:07:32 37
02,06,2019,20:08:32 79
02,06,2019,20:09:32 92
02,06,2019,20:10:32 55
02,06,2019,20:11:32 85
02,06,2019,20:12:32 83
02,06,2019,20:13:32 47
02,06,2019,20:14:32 66
02,06,2019,20:15:32 69
02,06,2019,20:16:32 7
02,06,2019,20:17:32 66
02,06,2019,20:18:32 63
02,06,2019,20:19:32 36
02,06,2019,20:20:32 61
02,06,2019,20:21:32 77
02,06,2019,20:22:32 54
02,06,2019,20:23:32 46
02,06,2019,20:24:32 82
02,06,2019,20:25:32 65
02,06,2019,20:26:32 64
02,06,2019,20:27:32 8
02,06,2019,20:28:32 33
02,06,2019,20:29:32 46
02,06,2019,20:30:32 45
02,06,2019,20:31:32 10
02,06,2019,20:32:32 56
02,06,2019,20:33:32 34
02,06,2019,20:34:32 43
02,06,2019,20:35:32 24
02,06,2019,20:36:32 19
02,06,2019,20:37:32 78
02,06,2019,20:38:32 46
02,06,2019,20:39:32 1
02,06,2019,20:40:32 83
02,06,2019,20:41:32 7
02,06,2019,20:42:32 73
02,06,2019,20:43:32 61
02,06,2019,20:44:32 78
02,06,2019,20:45:32 78
02,06,2019,20:46:32 95
02,06,2019,20:47:32 58
02,06,2019,20:48:32 75
02,06,2019,20:49:32 38
02,06,2019,20:50:32 34
02,06,2019,20:51:32 43
02,06,2019,20:52:32 85
02,06,2019,20:53:32 7
02,06,2019,20:54:32 82
02,06,2019,20:55:32 73
02,06,2019,20:56:32 8
02,06,2019,20:57:32 91
02,06,2019,20:58:32 34
02,06,2019,20:59:32 92
02,06,2019,21:00:32 89
02,06,2019,21:01:32 77
02,06,2019,21:02:32 84
02,06,2019,21:03:32 25
02,06,2019,21:04:32 11
02,06,2019,21:05:32 45
02,06,2019,21:06:32 38
02,06,2019,21:07:32 66
02,06,2019,21:08:32 38
02,06,2019,21:09:32 0
02,06,2019,21:10:32 99
02,06,2019,21:11:32 19
02,06,2019,21:12:32 12
02,06,2019,21:13:32 52
02,06,2019,21:14:32 46
02,06,2019,21:15:32 58
02,06,2019,21:16:32 27
02,06,2019,21:17:32 52
02,06,2019,21:18:32 20
02,06,2019,21:19:32 99
02,06,2019,21:20:32 64
02,06,2019,21:21:32 89
02,06,2019,21:22:32 100
02,06,2019,21:23:32 47
02,06,2019,21:24:32 8
02,06,2019,21:25:32 12
02,06,2019,21:26:32 32
02,06,2019,21:27:32 76
02,06,2019,21:28:32 61
02,06,2019,21:29:32 57
02,06,2019,21:30:32 0
02,06,2019,21:31:32 13
02,06,2019,21:32:32 16
02,06,2019,21:33:32 21
02,06,2019,21:34:32 74
02,06,2019,21:35:32 5
02,06,2019,21:36:32 78
02,06,2019,21:37:32 12
02,06,2019,21:38:32 85
02,06,2019,21:39:32 48
02,06,2019,21:40:32 10
02,06,2019,21:41:32 72
02,06,2019,21:42:32 25
02,06,2019,21:43:32 38
02,06,2019,21:44:32 82
02,06,2019,21:45:32 41
02,06,2019,21:46:32 82
02,06,2019,21:47:32 14
02,06,2019,21:48:32 50
02,06,2019,21:49:32 94
02,06,2019,21:50:32 88
02,06,2019,21:51:32 96
02,06,2019,21:52:32 19
02,06,2019,21:53:32 2
02,06,2019,21:54:32 87
02,06,2019,21:55:32 92
02,06,2019,21:56:32 1
02,06,2019,21:57:32 84
02,06,2019,21:58:32 83
02,06,2019,21:59:32 18
02,06,2019,22:00:32 57
02,06,2019,22:01:32 90
02,06,2019,22:02:32 99
02,06,2019,22:03:32 52
02,06,2019,22:04:32 56
02,06,2019,22:05:32 25
02,06,2019,22:06:32 25
02,06,2019,22:07:32 32
02,06,2019,22:08:32 79
02,06,2019,22:09:32 28
02,06,2019,22:10:32 35
02,06,2019,22:11:32 92
02,06,2019,22:12:32 95
02,06,2019,22:13:32 57
02,06,2019,22:14:32 40
02,06,2019,22:15:32 92
02,06,2019,22:16:32 5
02,06,2019,22:17:32 26
02,06,2019,22:18:32 81
02,06,2019,22:19:32 78
02,06,2019,22:20:32 17
02,06,2019,22:21:32 59
02,06,2019,22:22:32 49
02,06,2019,22:23:32 51
02,06,2019,22:24:32 77
02,06,2019,22:25:32 61
02,06,2019,22:26:32 89
02,06,2019,22:27:32 96
02,06,2019,22:28:32 32
02,06,2019,22:29:32 77
02,06,2019,22:30:32 91
02,06,2019,22:31:32 73
02,06,2019,22:32:32 78
02,06,2019,22:33:32 99
02,06,2019,22:34:32 6
02,06,2019,22:35:32 82
02,06,2019,22:36:32 95
02,06,2019,22:37:32 47
02,06,2019,22:38:32 29
02,06,2019,22:39:32 36
02,06,2019,22:40:32 62
02,06,2019,22:41:32 54
02,06,2019,22:42:32 12
02,06,2019,22:43:32 80
02,06,2019,22:44:32 70
02,06,2019,22:45:32 26
02,06,2019,22:46:32 26
02,06,2019,22:47:32 75
02,06,2019,22:48:32 96
02,06,2019,22:49:32 10
02,06,2019,22:50:32 60
02,06,2019,22:51:32 48
02,06,2019,22:52:32 87
02,06,2019,22:53:32 99
02,06,2019,22:54:32 42
02,06,2019,22:55:32 92
02,06,2019,22:56:32 69
02,06,2019,22:57:32 11
02,06,2019,22:58:32 33
02,06,2019,22:59:32 67
02,06,2019,23:00:32 27
02,06,2019,23:01:32 81
02,06,2019,23:02:32 22
02,06,2019,23:03:32 85
02,06,2019,23:04:32 6
02,06,2019,23:05:32 44
02,06,2019,23:06:32 21
02,06,2019,23:07:32 85
02,06,2019,23:08:32 17
02,06,2019,23:09:32 83
02,06,2019,23:10:32 48
02,06,2019,23:11:32 35
02,06,2019,23:12:32 59
02,06,2019,23:13:32 77
02,06,2019,23:14:32 2
02,06,2019,23:15:32 17
02,06,2019,23:16:32 63
02,06,2019,23:17:32 52
02,06,2019,23:18:32 36
02,06,2019,23:19:32 32
02,06,2019,23:20:32 83
02,06,2019,23:21:32 9
02,06,2019,23:22:32 73
02,06,2019,23:23:32 16
02,06,2019,23:24:32 78
02,06,2019,23:25:32 52
02,06,2019,23:26:32 8
02,06,2019,23:27:32 34
02,06,2019,23:28:32 4
02,06,2019,23:29:32 31
02,06,2019,23:30:32 90
02,06,2019,23:31:32 55
02,06,2019,23:32:32 72
02,06,2019,23:33:32 95
02,06,2019,23:34:32 34
02,06,2019,23:35:32 25
02,06,2019,23:36:32 8
02,06,2019,23:37:32 13
02,06,2019,23:38:32 35
02,06,2019,23:39:32 36
02,06,2019,23:40:32 26
02,06,2019,23:41:32 56
02,06,2019,23:42:32 9
02,06,2019,23:43:32 56
02,06,2019,23:44:32 56
02,06,2019,23:45:32 6
02,06,2019,23:46:32 48
02,06,2019,23:47:32 16
02,06,2019,23:48:32 97
02,06,2019,23:49:32 80
02,06,2019,23:50:32 6
02,06,2019,23:51:32 70
02,06,2019,23:52:32 3
02,06,2019,23:53:32 2
02,06,2019,23:54:32 9
02,06,2019,23:55:32 18
02,06,2019,23:56:32 39
02,06,2019,23:57:32 86
02,06,2019,23:58:32 65
02,06,2019,23:59:32 71
03,06,2019,00:00:32 59
03,06,2019,00:01:32 29
03,06,2019,00:02:32 11
03,06,2019,00:03:32 46
03,06,2019,00:04:32 15
03,06,2019,00:05:32 66
03,06,2019,00:06:32 10
03,06,2019,00:07:32 93
03,06,2019,00:08:32 21
03,06,2019,00:09:32 10
03,06,2019,00:10:32 99
03,06,2019,00:11:32 57
03,06,2019,00:12:32 33
03,06,2019,00:13:32 6
03,06,2019,00:14:32 63
03,06,2019,00:15:32 15
03,06,2019,00:16:32 11
03,06,2019,00:17:32 8
03,06,2019,00:18:32 35
03,06,2019,00:19:32 23
03,06,2019,00:20:32 79
03,06,2019,00:21:32 49
03,06,2019,00:22:32 16
03,06,2019,00:23:32 56
03,06,2019,00:24:32 9
03,06,2019,00:25:32 24
03,06,2019,00:26:32 36
03,06,2019,00:27:32 3
03,06,2019,00:28:32 8
03,06,2019,00:29:32 53
03,06,2019,00:30:32 55
03,06,2019,00:31:32 10
03,06,2019,00:32:32 96
03,06,2019,00:33:32 40
03,06,2019,00:34:32 93
03,06,2019,00:35:32 62
03,06,2019,00:36:32 31
03,06,2019,00:37:32 94
03,06,2019,00:38:32 9
03,06,2019,00:39:32 42
03,06,2019,00:40:32 13
03,06,2019,00:41:32 18
03,06,2019,00:42:32 50
03,06,2019,00:43:32 97
03,06,2019,00:44:32 96
03,06,2019,00:45:32 56
03,06,2019,00:46:32 92
03,06,2019,00:47:32 43
03,06,2019,00:48:32 48
03,06,2019,00:49:32 30
03,06,2019,00:50:32 88
03,06,2019,00:51:32 28
03,06,2019,00:52:32 5
03,06,2019,00:53:32 45
03,06,2019,00:54:32 84
03,06,2019,00:55:32 65
03,06,2019,00:56:32 18
03,06,2019,00:57:32 16
03,06,2019,00:58:32 80
03,06,2019,00:59:32 3
03,06,2019,01:00:32 73
03,06,2019,01:01:32 86
03,06,2019,01:02:32 68
03,06,2019,01:03:32 1
03,06,2019,01:04:32 92
03,06,2019,01:05:32 1
03,06,2019,01:06:32 38
03,06,2019,01:07:32 41
03,06,2019,01:08:32 79
03,06,2019,01:09:32 51
03,06,2019,01:10:32 23
03,06,2019,01:11:32 6
03,06,2019,01:12:32 94
03,06,2019,01:13:32 47
03,06,2019,01:14:32 69
03,06,2019,01:15:32 12
03,06,2019,01:16:32 77
03,06,2019,01:17:32 45
03,06,2019,01:18:32 42
03,06,2019,01:19:32 21
03,06,2019,01:20:32 17
03,06,2019,01:21:32 79
03,06,2019,01:22:32 65
03,06,2019,01:23:32 83
03,06,2019,01:24:32 83
03,06,2019,01:25:32 26
03,06,2019,01:26:32 17
03,06,2019,01:27:32 75
03,06,2019,01:28:32 33
03,06,2019,01:29:32 55
03,06,2019,01:30:32 74
03,06,2019,01:31:32 68
03,06,2019,01:32:32 11
03,06,2019,01:33:32 46
03,06,2019,01:34:32 0
03,06,2019,01:35:32 9
03,06,2019,01:36:32 68
03,06,2019,01:37:32 79
03,06,2019,01:38:32 3
03,06,2019,01:39:32 30
03,06,2019,01:40:32 39
03,06,2019,01:41:32 19
03,06,2019,01:42:32 79
03,06,2019,01:43:32 42
03,06,2019,01:44:32 41
03,06,2019,01:45:32 14
03,06,2019,01:46:32 77
03,06,2019,01:47:32 82
03,06,2019,01:48:32 67
03,06,2019,01:49:32 85
03,06,2019,01:50:32 37
03,06,2019,01:51:32 46
03,06,2019,01:52:32 39
03,06,2019,01:53:32 42
03,06,2019,01:54:32 37
03,06,2019,01:55:32 82
03,06,2019,01:56:32 27
03,06,2019,01:57:32 33
03,06,2019,01:58:32 6
03,06,2019,01:59:32 94
03,06,2019,02:00:32 19
03,06,2019,02:01:32 95
03,06,2019,02:02:32 85
03,06,2019,02:03:32 78
03,06,2019,02:04:32 73
03,06,2019,02:05:32 92
03,06,2019,02:06:32 16
03,06,2019,02:07:32 12
03,06,2019,02:08:32 95
03,06,2019,02:09:32 4
03,06,2019,02:10:32 94
03,06,2019,02:11:32 37
03,06,2019,02:12:32 76
03,06,2019,02:13:32 64
03,06,2019,02:14:32 40
03,06,2019,02:15:32 89
03,06,2019,02:16:32 78
03,06,2019,02:17:32 50
03,06,2019,02:18:32 76
03,06,2019,02:19:32 98
03,06,2019,02:20:32 28
03,06,2019,02:21:32 10
03,06,2019,02:22:32 51
03,06,2019,02:23:32 54
03,06,2019,02:24:32 1
03,06,2019,02:25:32 56
03,06,2019,02:26:32 91
03,06,2019,02:27:32 61
03,06,2019,02:28:32 2
03,06,2019,02:29:32 26
03,06,2019,02:30:32 2
03,06,2019,02:31:32 30
03,06,2019,02:32:32 12
03,06,2019,02:33:32 31
03,06,2019,02:34:32 97
03,06,2019,02:35:32 37
03,06,2019,02:36:32 25
03,06,2019,02:37:32 64
03,06,2019,02:38:32 42
03,06,2019,02:39:32 63
03,06,2019,02:40:32 13
03,06,2019,02:41:32 59
03,06,2019,02:42:32 21
03,06,2019,02:43:32 20
03,06,2019,02:44:32 9
03,06,2019,02:45:32 16
03,06,2019,02:46:32 91
03,06,2019,02:47:32 42
03,06,2019,02:48:32 17
03,06,2019,02:49:32 86
03,06,2019,02:50:32 54
03,06,2019,02:51:32 95
03,06,2019,02:52:32 100
03,06,2019,02:53:32 12
03,06,2019,02:54:32 71
03,06,2019,02:55:32 76
03,06,2019,02:56:32 78
03,06,2019,02:57:32 23
03,06,2019,02:58:32 97
03,06,2019,02:59:32 88
03,06,2019,03:00:32 91
03,06,2019,03:01:32 39
03,06,2019,03:02:32 83
03,06,2019,03:03:32 85
03,06,2019,03:04:32 35
03,06,2019,03:05:32 38
03,06,2019,03:06:32 81
03,06,2019,03:07:32 80
03,06,2019,03:08:32 30
03,06,2019,03:09:32 7
03,06,2019,03:10:32 56
03,06,2019,03:11:32 40
03,06,2019,03:12:32 6
03,06,2019,03:13:32 18
03,06,2019,03:14:32 33
03,06,2019,03:15:32 50
03,06,2019,03:16:32 70
03,06,2019,03:17:32 51
03,06,2019,03:18:32 46
03,06,2019,03:19:32 81
03,06,2019,03:20:32 17
03,06,2019,03:21:32 24
03,06,2019,03:22:32 66
03,06,2019,03:23:32 73
03,06,2019,03:24:32 1
03,06,2019,03:25:32 2
03,06,2019,03:26:32 36
03,06,2019,03:27:32 93
03,06,2019,03:28:32 66
03,06,2019,03:29:32 36
03,06,2019,03:30:32 54
03,06,2019,03:31:32 14
03,06,2019,03:32:32 84
03,06,2019,03:33:32 24
03,06,2019,03:34:32 55
03,06,2019,03:35:32 77
03,06,2019,03:36:32 39
03,06,2019,03:37:32 19
03,06,2019,03:38:32 74
03,06,2019,03:39:32 12
03,06,2019,03:40:32 58
03,06,2019,03:41:32 20
03,06,2019,03:42:32 55
03,06,2019,03:43:32 54
03,06,2019,03:44:32 86
03,06,2019,03:45:32 89
03,06,2019,03:46:32 33
03,06,2019,03:47:32 16
03,06,2019,03:48:32 92
03,06,2019,03:49:32 76
03,06,2019,03:50:32 37
03,06,2019,03:51:32 42
03,06,2019,03:52:32 16
03,06,2019,03:53:32 34
03,06,2019,03:54:32 6
03,06,2019,03:55:32 68
03,06,2019,03:56:32 54
03,06,2019,03:57:32 76
03,06,2019,03:58:32 2
03,06,2019,03:59:32 51
03,06,2019,04:00:32 38
03,06,2019,04:01:32 26
03,06,2019,04:02:32 45
03,06,2019,04:03:32 73
03,06,2019,04:04:32 60
03,06,2019,04:05:32 93
03,06,2019,04:06:32 66
03,06,2019,04:07:32 13
03,06,2019,04:08:32 38
03,06,2019,04:09:32 75
03,06,2019,04:10:32 72
03,06,2019,04:11:32 77
03,06,2019,04:12:32 43
03,06,2019,04:13:32 2
03,06,2019,04:14:32 29
03,06,2019,04:15:32 99
03,06,2019,04:16:32 56
03,06,2019,04:17:32 81
03,06,2019,04:18:32 83
03,06,2019,04:19:32 25
03,06,2019,04:20:32 18
03,06,2019,04:21:32 23
03,06,2019,04:22:32 31
03,06,2019,04:23:32 30
03,06,2019,04:24:32 95
03,06,2019,04:25:32 92
03,06,2019,04:26:32 61
03,06,2019,04:27:32 93
03,06,2019,04:28:32 10
03,06,2019,04:29:32 97
03,06,2019,04:30:32 21
03,06,2019,04:31:32 40
03,06,2019,04:32:32 14
03,06,2019,04:33:32 18
03,06,2019,04:34:32 61
03,06,2019,04:35:32 10
03,06,2019,04:36:32 29
03,06,2019,04:37:32 20
03,06,2019,04:38:32 79
03,06,2019,04:39:32 95
03,06,2019,04:40:32 25
03,06,2019,04:41:32 56
03,06,2019,04:42:32 45
03,06,2019,04:43:32 99
03,06,2019,04:44:32 99
03,06,2019,04:45:32 62
03,06,2019,04:46:32 86
03,06,2019,04:47:32 42
03,06,2019,04:48:32 4
03,06,2019,04:49:32 34
03,06,2019,04:50:32 26
03,06,2019,04:51:32 46
03,06,2019,04:52:32 49
03,06,2019,04:53:32 1
03,06,2019,04:54:32 78
03,06,2019,04:55:32 18
03,06,2019,04:56:32 18
03,06,2019,04:57:32 25
03,06,2019,04:58:32 49
03,06,2019,04:59:32 3
03,06,2019,05:00:32 25
03,06,2019,05:01:32 83
03,06,2019,05:02:32 26
03,06,2019,05:03:32 96
03,06,2019,05:04:32 25
03,06,2019,05:05:32 73
03,06,2019,05:06:32 89
03,06,2019,05:07:32 40
03,06,2019,05:08:32 0
03,06,2019,05:09:32 97
03,06,2019,05:10:32 97
03,06,2019,05:11:32 53
03,06,2019,05:12:32 71
03,06,2019,05:13:32 57
03,06,2019,05:14:32 98
03,06,2019,05:15:32 59
03,06,2019,05:16:32 7
03,06,2019,05:17:32 13
03,06,2019,05:18:32 6
03,06,2019,05:19:32 99
03,06,2019,05:20:32 26
03,06,2019,05:21:32 4
03,06,2019,05:22:32 52
03,06,2019,05:23:32 96
03,06,2019,05:24:32 83
03,06,2019,05:25:32 45
03,06,2019,05:26:32 72
03,06,2019,05:27:32 22
03,06,2019,05:28:32 34
03,06,2019,05:29:32 70
03,06,2019,05:30:32 60
03,06,2019,05:31:32 36
03,06,2019,05:32:32 39
03,06,2019,05:33:32 86
03,06,2019,05:34:32 1
03,06,2019,05:35:32 27
03,06,2019,05:36:32 59
03,06,2019,05:37:32 9
03,06,2019,05:38:32 94
03,06,2019,05:39:32 95
03,06,2019,05:40:32 80
03,06,2019,05:41:32 58
03,06,2019,05:42:32 47
03,06,2019,05:43:32 74
03,06,2019,05:44:32 14
03,06,2019,05:45:32 78
03,06,2019,05:46:32 61
03,06,2019,05:47:32 29
03,06,2019,05:48:32 51
03,06,2019,05:49:32 42
03,06,2019,05:50:32 95
03,06,2019,05:51:32 100
03,06,2019,05:52:32 84
03,06,2019,05:53:32 80
03,06,2019,05:54:32 5
03,06,2019,05:55:32 99
03,06,2019,05:56:32 66
03,06,2019,05:57:32 42
03,06,2019,05:58:32 85
03,06,2019,05:59:32 95
03,06,2019,06:00:32 36
03,06,2019,06:01:32 60
03,06,2019,06:02:32 8
03,06,2019,06:03:32 93
03,06,2019,06:04:32 42
03,06,2019,06:05:32 21
03,06,2019,06:06:32 46
03,06,2019,06:07:32 53
03,06,2019,06:08:32 84
03,06,2019,06:09:32 30
03,06,2019,06:10:32 5
03,06,2019,06:11:32 9
03,06,2019,06:12:32 37
03,06,2019,06:13:32 68
03,06,2019,06:14:32 92
03,06,2019,06:15:32 98
03,06,2019,06:16:32 39
03,06,2019,06:17:32 41
03,06,2019,06:18:32 0
03,06,2019,06:19:32 56
03,06,2019,06:20:32 19
03,06,2019,06:21:32 73
03,06,2019,06:22:32 94
03,06,2019,06:23:32 17
03,06,2019,06:24:32 27
03,06,2019,06:25:32 22
03,06,2019,06:26:32 23
03,06,2019,06:27:32 70
03,06,2019,06:28:32 75
03,06,2019,06:29:32 90
03,06,2019,06:30:32 42
03,06,2019,06:31:32 47
03,06,2019,06:32:32 88
03,06,2019,06:33:32 12
03,06,2019,06:34:32 52
03,06,2019,06:35:32 32
03,06,2019,06:36:32 92
03,06,2019,06:37:32 89
03,06,2019,06:38:32 12
03,06,2019,06:39:32 50
03,06,2019,06:40:32 22
03,06,2019,06:41:32 37
03,06,2019,06:42:32 60
03,06,2019,06:43:32 98
03,06,2019,06:44:32 40
03,06,2019,06:45:32 29
03,06,2019,06:46:32 31
03,06,2019,06:47:32 59
03,06,2019,06:48:32 83
03,06,2019,06:49:32 59
03,06,2019,06:50:32 19
03,06,2019,06:51:32 4
03,06,2019,06:52:32 62
03,06,2019,06:53:32 50
03,06,2019,06:54:32 46
03,06,2019,06:55:32 4
03,06,2019,06:56:32 19
03,06,2019,06:57:32 52
03,06,2019,06:58:32 11
03,06,2019,06:59:32 98
03,06,2019,07:00:32 59
03,06,2019,07:01:32 40
03,06,2019,07:02:32 47
03,06,2019,07:03:32 20
03,06,2019,07:04:32 47
03,06,2019,07:05:32 83
03,06,2019,07:06:32 59
03,06,2019,07:07:32 13
03,06,2019,07:08:32 45
03,06,2019,07:09:32 96
03,06,2019,07:10:32 91
03,06,2019,07:11:32 10
03,06,2019,07:12:32 18
03,06,2019,07:13:32 5
03,06,2019,07:14:32 60
03,06,2019,07:15:32 38
03,06,2019,07:16:32 19
03,06,2019,07:17:32 97
03,06,2019,07:18:32 7
03,06,2019,07:19:32 13
03,06,2019,07:20:32 35
03,06,2019,07:21:32 37
03,06,2019,07:22:32 66
03,06,2019,07:23:32 91
03,06,2019,07:24:32 2
03,06,2019,07:25:32 79
03,06,2019,07:26:32 89
03,06,2019,07:27:32 59
03,06,2019,07:28:32 3
03,06,2019,07:29:32 7
03,06,2019,07:30:32 26
03,06,2019,07:31:32 8
03,06,2019,07:32:32 57
03,06,2019,07:33:32 9
03,06,2019,07:34:32 80
03,06,2019,07:35:32 58
03,06,2019,07:36:32 97
03,06,2019,07:37:32 23
03,06,2019,07:38:32 48
03,06,2019,07:39:32 79
03,06,2019,07:40:32 56
03,06,2019,07:41:32 67
03,06,2019,07:42:32 70
03,06,2019,07:43:32 44
03,06,2019,07:44:32 73
03,06,2019,07:45:32 52
03,06,2019,07:46:32 55
03,06,2019,07:47:32 12
03,06,2019,07:48:32 16
03,06,2019,07:49:32 66
03,06,2019,07:50:32 48
03,06,2019,07:51:32 38
03,06,2019,07:52:32 2
03,06,2019,07:53:32 33
03,06,2019,07:54:32 24
03,06,2019,07:55:32 94
03,06,2019,07:56:32 59
03,06,2019,07:57:32 100
03,06,2019,07:58:32 79
03,06,2019,07:59:32 64
03,06,2019,08:00:32 6
03,06,2019,08:01:32 67
03,06,2019,08:02:32 28
03,06,2019,08:03:32 5
03,06,2019,08:04:32 7
03,06,2019,08:05:32 51
03,06,2019,08:06:32 98
03,06,2019,08:07:32 20
03,06,2019,08:08:32 93
03,06,2019,08:09:32 62
03,06,2019,08:10:32 22
03,06,2019,08:11:32 41
03,06,2019,08:12:32 87
03,06,2019,08:13:32 88
03,06,2019,08:14:32 72
03,06,2019,08:15:32 46
03,06,2019,08:16:32 38
03,06,2019,08:17:32 58
03,06,2019,08:18:32 7
03,06,2019,08:19:32 71
03,06,2019,08:20:32 4
03,06,2019,08:21:32 48
03,06,2019,08:22:32 37
03,06,2019,08:23:32 65
03,06,2019,08:24:32 14
03,06,2019,08:25:32 74
03,06,2019,08:26:32 28
03,06,2019,08:27:32 76
03,06,2019,08:28:32 0
03,06,2019,08:29:32 37
03,06,2019,08:30:32 65
03,06,2019,08:31:32 26
03,06,2019,08:32:32 92
03,06,2019,08:33:32 39
03,06,2019,08:34:32 13
03,06,2019,08:35:32 6
03,06,2019,08:36:32 36
03,06,2019,08:37:32 59
03,06,2019,08:38:32 86
03,06,2019,08:39:32 100
03,06,2019,08:40:32 2
03,06,2019,08:41:32 51
03,06,2019,08:42:32 16
03,06,2019,08:43:32 5
03,06,2019,08:44:32 5
03,06,2019,08:45:32 60
03,06,2019,08:46:32 84
03,06,2019,08:47:32 15
03,06,2019,08:48:32 19
03,06,2019,08:49:32 9
03,06,2019,08:50:32 38
03,06,2019,08:51:32 80
03,06,2019,08:52:32 52
03,06,2019,08:53:32 18
03,06,2019,08:54:32 63
03,06,2019,08:55:32 40
03,06,2019,08:56:32 56
03,06,2019,08:57:32 24
03,06,2019,08:58:32 50
03,06,2019,08:59:32 100
03,06,2019,09:00:32 24
03,06,2019,09:01:32 61
03,06,2019,09:02:32 51
03,06,2019,09:03:32 7
03,06,2019,09:04:32 73
03,06,2019,09:05:32 80
03,06,2019,09:06:32 19
03,06,2019,09:07:32 85
03,06,2019,09:08:32 12
03,06,2019,09:09:32 39
03,06,2019,09:10:32 8
03,06,2019,09:11:32 73
03,06,2019,09:12:32 14
03,06,2019,09:13:32 66
03,06,2019,09:14:32 18
03,06,2019,09:15:32 31
03,06,2019,09:16:32 95
03,06,2019,09:17:32 29
03,06,2019,09:18:32 41
03,06,2019,09:19:32 55
03,06,2019,09:20:32 36
03,06,2019,09:21:32 4
03,06,2019,09:22:32 76
03,06,2019,09:23:32 74
03,06,2019,09:24:32 11
03,06,2019,09:25:32 24
03,06,2019,09:26:32 32
03,06,2019,09:27:32 10
03,06,2019,09:28:32 94
03,06,2019,09:29:32 10
03,06,2019,09:30:32 55
03,06,2019,09:31:32 37
03,06,2019,09:32:32 32
03,06,2019,09:33:32 81
03,06,2019,09:34:32 38
03,06,2019,09:35:32 87
03,06,2019,09:36:32 27
03,06,2019,09:37:32 13
03,06,2019,09:38:32 77
03,06,2019,09:39:32 41
03,06,2019,09:40:32 69
03,06,2019,09:41:32 17
03,06,2019,09:42:32 39
03,06,2019,09:43:32 54
03,06,2019,09:44:32 7
03,06,2019,09:45:32 48
03,06,2019,09:46:32 48
03,06,2019,09:47:32 19
03,06,2019,09:48:32 10
03,06,2019,09:49:32 26
03,06,2019,09:50:32 89
03,06,2019,09:51:32 82
03,06,2019,09:52:32 97
03,06,2019,09:53:32 91
03,06,2019,09:54:32 34
03,06,2019,09:55:32 78
03,06,2019,09:56:32 100
03,06,2019,09:57:32 19
03,06,2019,09:58:32 70
03,06,2019,09:59:32 19
03,06,2019,10:00:32 49
03,06,2019,10:01:32 28
03,06,2019,10:02:32 35
03,06,2019,10:03:32 6
03,06,2019,10:04:32 45
03,06,2019,10:05:32 93
03,06,2019,10:06:32 78
03,06,2019,10:07:32 70
03,06,2019,10:08:32 82
03,06,2019,10:09:32 30
03,06,2019,10:10:32 35
03,06,2019,10:11:32 57
03,06,2019,10:12:32 82
03,06,2019,10:13:32 3
03,06,2019,10:14:32 92
03,06,2019,10:15:32 57
03,06,2019,10:16:32 27
03,06,2019,10:17:32 35
03,06,2019,10:18:32 74
03,06,2019,10:19:32 2
03,06,2019,10:20:32 39
03,06,2019,10:21:32 94
03,06,2019,10:22:32 49
03,06,2019,10:23:32 78
03,06,2019,10:24:32 24
03,06,2019,10:25:32 4
03,06,2019,10:26:32 30
03,06,2019,10:27:32 90
03,06,2019,10:28:32 21
03,06,2019,10:29:32 32
03,06,2019,10:30:32 93
03,06,2019,10:31:32 20
03,06,2019,10:32:32 32
03,06,2019,10:33:32 1
03,06,2019,10:34:32 19
03,06,2019,10:35:32 13
03,06,2019,10:36:32 19
03,06,2019,10:37:32 97
03,06,2019,10:38:32 51
03,06,2019,10:39:32 31
03,06,2019,10:40:32 58
03,06,2019,10:41:32 2
03,06,2019,10:42:32 90
03,06,2019,10:43:32 60
03,06,2019,10:44:32 2
03,06,2019,10:45:32 15
03,06,2019,10:46:32 91
03,06,2019,10:47:32 75
03,06,2019,10:48:32 55
03,06,2019,10:49:32 84
03,06,2019,10:50:32 76
03,06,2019,10:51:32 20
03,06,2019,10:52:32 60
03,06,2019,10:53:32 96
03,06,2019,10:54:32 58
03,06,2019,10:55:32 30
03,06,2019,10:56:32 96
03,06,2019,10:57:32 24
03,06,2019,10:58:32 46
03,06,2019,10:59:32 29
03,06,2019,11:00:32 1
03,06,2019,11:01:32 85
03,06,2019,11:02:32 93
03,06,2019,11:03:32 13
03,06,2019,11:04:32 49
03,06,2019,11:05:32 22
03,06,2019,11:06:32 5
03,06,2019,11:07:32 4
03,06,2019,11:08:32 59
03,06,2019,11:09:32 56
03,06,2019,11:10:32 75
03,06,2019,11:11:32 66
03,06,2019,11:12:32 56
03,06,2019,11:13:32 53
03,06,2019,11:14:32 15
03,06,2019,11:15:32 52
03,06,2019,11:16:32 31
03,06,2019,11:17:32 37
03,06,2019,11:18:32 33
03,06,2019,11:19:32 68
03,06,2019,11:20:32 23
03,06,2019,11:21:32 33
03,06,2019,11:22:32 7
03,06,2019,11:23:32 78
03,06,2019,11:24:32 51
03,06,2019,11:25:32 1
03,06,2019,11:26:32 45
03,06,2019,11:27:32 88
03,06,2019,11:28:32 98
03,06,2019,11:29:32 27
03,06,2019,11:30:32 34
03,06,2019,11:31:32 55
03,06,2019,11:32:32 10
03,06,2019,11:33:32 35
03,06,2019,11:34:32 6
03,06,2019,11:35:32 18
03,06,2019,11:36:32 60
03,06,2019,11:37:32 96
03,06,2019,11:38:32 35
03,06,2019,11:39:32 97
03,06,2019,11:40:32 33
03,06,2019,11:41:32 82
03,06,2019,11:42:32 74
