02,06,2019,10:52:12 518
02,06,2019,10:53:12 647
02,06,2019,10:54:12 712
02,06,2019,10:55:12 3531
02,06,2019,10:56:12 5255
02,06,2019,10:57:12 1486
02,06,2019,10:58:12 5853
02,06,2019,10:59:12 4077
02,06,2019,11:00:12 421
02,06,2019,11:01:12 5422
02,06,2019,11:02:12 2438
02,06,2019,11:03:12 1631
02,06,2019,11:04:12 2017
02,06,2019,11:05:12 451
02,06,2019,11:06:12 636
02,06,2019,11:07:12 1314
02,06,2019,11:08:12 2401
02,06,2019,11:09:12 2527
02,06,2019,11:10:12 4043
02,06,2019,11:11:12 3003
02,06,2019,11:12:12 5979
02,06,2019,11:13:12 3847
02,06,2019,11:14:12 2118
02,06,2019,11:15:12 5273
02,06,2019,11:16:12 5713
02,06,2019,11:17:12 4993
02,06,2019,11:18:12 5727
02,06,2019,11:19:12 206
02,06,2019,11:20:12 3929
02,06,2019,11:21:12 4528
02,06,2019,11:22:12 4275
02,06,2019,11:23:12 2916
02,06,2019,11:24:12 2082
02,06,2019,11:25:12 4358
02,06,2019,11:26:12 106
02,06,2019,11:27:12 3665
02,06,2019,11:28:12 4028
02,06,2019,11:29:12 92
02,06,2019,11:30:12 261
02,06,2019,11:31:12 2854
02,06,2019,11:32:12 5229
02,06,2019,11:33:12 5418
02,06,2019,11:34:12 713
02,06,2019,11:35:12 3349
02,06,2019,11:36:12 1535
02,06,2019,11:37:12 2573
02,06,2019,11:38:12 1483
02,06,2019,11:39:12 1120
02,06,2019,11:40:12 4981
02,06,2019,11:41:12 429
02,06,2019,11:42:12 3793
02,06,2019,11:43:12 2605
02,06,2019,11:44:12 5154
02,06,2019,11:45:12 2271
02,06,2019,11:46:12 5148
02,06,2019,11:47:12 2578
02,06,2019,11:48:12 4783
02,06,2019,11:49:12 1736
02,06,2019,11:50:12 3285
02,06,2019,11:51:12 5352
02,06,2019,11:52:12 4226
02,06,2019,11:53:12 3976
02,06,2019,11:54:12 4555
02,06,2019,11:55:12 368
02,06,2019,11:56:12 5899
02,06,2019,11:57:12 3414
02,06,2019,11:58:12 3461
02,06,2019,11:59:12 3832
02,06,2019,12:00:12 5502
02,06,2019,12:01:12 4107
02,06,2019,12:02:12 319
02,06,2019,12:03:12 5242
02,06,2019,12:04:12 1790
02,06,2019,12:05:12 2367
02,06,2019,12:06:12 3082
02,06,2019,12:07:12 775
02,06,2019,12:08:12 4506
02,06,2019,12:09:12 2616
02,06,2019,12:10:12 2128
02,06,2019,12:11:12 4707
02,06,2019,12:12:12 981
02,06,2019,12:13:12 1036
02,06,2019,12:14:12 4834
02,06,2019,12:15:12 2094
02,06,2019,12:16:12 344
02,06,2019,12:17:12 4267
02,06,2019,12:18:12 3424
02,06,2019,12:19:12 413
02,06,2019,12:20:12 5156
02,06,2019,12:21:12 2714
02,06,2019,12:22:12 2546
02,06,2019,12:23:12 4035
02,06,2019,12:24:12 3806
02,06,2019,12:25:12 1339
02,06,2019,12:26:12 5043
02,06,2019,12:27:12 2097
02,06,2019,12:28:12 1316
02,06,2019,12:29:12 1263
02,06,2019,12:30:12 752
02,06,2019,12:31:12 5155
02,06,2019,12:32:12 4375
02,06,2019,12:33:12 4182
02,06,2019,12:34:12 3992
02,06,2019,12:35:12 695
02,06,2019,12:36:12 926
02,06,2019,12:37:12 825
02,06,2019,12:38:12 859
02,06,2019,12:39:12 3542
02,06,2019,12:40:12 3987
02,06,2019,12:41:12 3049
02,06,2019,12:42:12 5842
02,06,2019,12:43:12 3123
02,06,2019,12:44:12 4544
02,06,2019,12:45:12 632
02,06,2019,12:46:12 1315
02,06,2019,12:47:12 5249
02,06,2019,12:48:12 2944
02,06,2019,12:49:12 5918
02,06,2019,12:50:12 3830
02,06,2019,12:51:12 2367
02,06,2019,12:52:12 3574
02,06,2019,12:53:12 2405
02,06,2019,12:54:12 2520
02,06,2019,12:55:12 479
02,06,2019,12:56:12 36
02,06,2019,12:57:12 5077
02,06,2019,12:58:12 1192
02,06,2019,12:59:12 495
02,06,2019,13:00:12 5688
02,06,2019,13:01:12 5417
02,06,2019,13:02:12 5415
02,06,2019,13:03:12 4237
02,06,2019,13:04:12 3438
02,06,2019,13:05:12 2334
02,06,2019,13:06:12 4961
02,06,2019,13:07:12 5274
02,06,2019,13:08:12 3119
02,06,2019,13:09:12 4280
02,06,2019,13:10:12 4547
02,06,2019,13:11:12 353
02,06,2019,13:12:12 3894
02,06,2019,13:13:12 1224
02,06,2019,13:14:12 4721
02,06,2019,13:15:12 3028
02,06,2019,13:16:12 4822
02,06,2019,13:17:12 4362
02,06,2019,13:18:12 4309
02,06,2019,13:19:12 3165
02,06,2019,13:20:12 4100
02,06,2019,13:21:12 1364
02,06,2019,13:22:12 4599
02,06,2019,13:23:12 873
02,06,2019,13:24:12 448
02,06,2019,13:25:12 1719
02,06,2019,13:26:12 5298
02,06,2019,13:27:12 3477
02,06,2019,13:28:12 2960
02,06,2019,13:29:12 94
02,06,2019,13:30:12 4565
02,06,2019,13:31:12 2917
02,06,2019,13:32:12 20
02,06,2019,13:33:12 99
02,06,2019,13:34:12 1118
02,06,2019,13:35:12 5281
02,06,2019,13:36:12 4672
02,06,2019,13:37:12 1986
02,06,2019,13:38:12 3580
02,06,2019,13:39:12 5791
02,06,2019,13:40:12 3765
02,06,2019,13:41:12 5927
02,06,2019,13:42:12 5047
02,06,2019,13:43:12 5379
02,06,2019,13:44:12 639
02,06,2019,13:45:12 3695
02,06,2019,13:46:12 1623
02,06,2019,13:47:12 5817
02,06,2019,13:48:12 5312
02,06,2019,13:49:12 4135
02,06,2019,13:50:12 2876
02,06,2019,13:51:12 4010
02,06,2019,13:52:12 560
02,06,2019,13:53:12 2045
02,06,2019,13:54:12 5279
02,06,2019,13:55:12 769
02,06,2019,13:56:12 5754
02,06,2019,13:57:12 4214
02,06,2019,13:58:12 4380
02,06,2019,13:59:12 5569
02,06,2019,14:00:12 4749
02,06,2019,14:01:12 4108
02,06,2019,14:02:12 565
02,06,2019,14:03:12 5282
02,06,2019,14:04:12 1291
02,06,2019,14:05:12 514
02,06,2019,14:06:12 3008
02,06,2019,14:07:12 4362
02,06,2019,14:08:12 5709
02,06,2019,14:09:12 264
02,06,2019,14:10:12 4420
02,06,2019,14:11:12 2181
02,06,2019,14:12:12 951
02,06,2019,14:13:12 3288
02,06,2019,14:14:12 1887
02,06,2019,14:15:12 5647
02,06,2019,14:16:12 5241
02,06,2019,14:17:12 2819
02,06,2019,14:18:12 2589
02,06,2019,14:19:12 3621
02,06,2019,14:20:12 5904
02,06,2019,14:21:12 2115
02,06,2019,14:22:12 279
02,06,2019,14:23:12 4818
02,06,2019,14:24:12 2617
02,06,2019,14:25:12 954
02,06,2019,14:26:12 4404
02,06,2019,14:27:12 3681
02,06,2019,14:28:12 4021
02,06,2019,14:29:12 5599
02,06,2019,14:30:12 2969
02,06,2019,14:31:12 3007
02,06,2019,14:32:12 5287
02,06,2019,14:33:12 147
02,06,2019,14:34:12 4217
02,06,2019,14:35:12 1643
02,06,2019,14:36:12 1800
02,06,2019,14:37:12 3513
02,06,2019,14:38:12 3760
02,06,2019,14:39:12 2906
02,06,2019,14:40:12 1919
02,06,2019,14:41:12 3827
02,06,2019,14:42:12 4215
02,06,2019,14:43:12 5435
02,06,2019,14:44:12 5276
02,06,2019,14:45:12 4564
02,06,2019,14:46:12 5747
02,06,2019,14:47:12 4942
02,06,2019,14:48:12 113
02,06,2019,14:49:12 4390
02,06,2019,14:50:12 3533
02,06,2019,14:51:12 1388
02,06,2019,14:52:12 1769
02,06,2019,14:53:12 1030
02,06,2019,14:54:12 4776
02,06,2019,14:55:12 5765
02,06,2019,14:56:12 185
02,06,2019,14:57:12 1622
02,06,2019,14:58:12 1134
02,06,2019,14:59:12 1144
02,06,2019,15:00:12 204
02,06,2019,15:01:12 709
02,06,2019,15:02:12 5304
02,06,2019,15:03:12 5896
02,06,2019,15:04:12 4945
02,06,2019,15:05:12 3529
02,06,2019,15:06:12 3465
02,06,2019,15:07:12 508
02,06,2019,15:08:12 5538
02,06,2019,15:09:12 1585
02,06,2019,15:10:12 4779
02,06,2019,15:11:12 821
02,06,2019,15:12:12 1818
02,06,2019,15:13:12 3875
02,06,2019,15:14:12 950
02,06,2019,15:15:12 188
02,06,2019,15:16:12 193
02,06,2019,15:17:12 3163
02,06,2019,15:18:12 3745
02,06,2019,15:19:12 4639
02,06,2019,15:20:12 3506
02,06,2019,15:21:12 371
02,06,2019,15:22:12 140
02,06,2019,15:23:12 5952
02,06,2019,15:24:12 2080
02,06,2019,15:25:12 5021
02,06,2019,15:26:12 5501
02,06,2019,15:27:12 4873
02,06,2019,15:28:12 1154
02,06,2019,15:29:12 4329
02,06,2019,15:30:12 3439
02,06,2019,15:31:12 4544
02,06,2019,15:32:12 611
02,06,2019,15:33:12 1175
02,06,2019,15:34:12 1817
02,06,2019,15:35:12 199
02,06,2019,15:36:12 4765
02,06,2019,15:37:12 5508
02,06,2019,15:38:12 362
02,06,2019,15:39:12 1415
02,06,2019,15:40:12 3988
02,06,2019,15:41:12 5753
02,06,2019,15:42:12 5928
02,06,2019,15:43:12 699
02,06,2019,15:44:12 5084
02,06,2019,15:45:12 2485
02,06,2019,15:46:12 3221
02,06,2019,15:47:12 4674
02,06,2019,15:48:12 3180
02,06,2019,15:49:12 2288
02,06,2019,15:50:12 894
02,06,2019,15:51:12 1552
02,06,2019,15:52:12 1197
02,06,2019,15:53:12 4024
02,06,2019,15:54:12 3917
02,06,2019,15:55:12 4806
02,06,2019,15:56:12 3952
02,06,2019,15:57:12 5454
02,06,2019,15:58:12 3062
02,06,2019,15:59:12 5967
02,06,2019,16:00:12 135
02,06,2019,16:01:12 1220
02,06,2019,16:02:12 4606
02,06,2019,16:03:12 3648
02,06,2019,16:04:12 3908
02,06,2019,16:05:12 485
02,06,2019,16:06:12 1184
02,06,2019,16:07:12 2658
02,06,2019,16:08:12 4201
02,06,2019,16:09:12 5891
02,06,2019,16:10:12 5912
02,06,2019,16:11:12 3605
02,06,2019,16:12:12 779
02,06,2019,16:13:12 5836
02,06,2019,16:14:12 1884
02,06,2019,16:15:12 2959
02,06,2019,16:16:12 4441
02,06,2019,16:17:12 2845
02,06,2019,16:18:12 5645
02,06,2019,16:19:12 1035
02,06,2019,16:20:12 1497
02,06,2019,16:21:12 2033
02,06,2019,16:22:12 4850
02,06,2019,16:23:12 4204
02,06,2019,16:24:12 2570
02,06,2019,16:25:12 2847
02,06,2019,16:26:12 806
02,06,2019,16:27:12 3171
02,06,2019,16:28:12 3695
02,06,2019,16:29:12 1116
02,06,2019,16:30:12 1814
02,06,2019,16:31:12 4658
02,06,2019,16:32:12 5444
02,06,2019,16:33:12 1929
02,06,2019,16:34:12 1868
02,06,2019,16:35:12 990
02,06,2019,16:36:12 881
02,06,2019,16:37:12 4458
02,06,2019,16:38:12 1038
02,06,2019,16:39:12 2856
02,06,2019,16:40:12 2591
02,06,2019,16:41:12 2102
02,06,2019,16:42:12 1924
02,06,2019,16:43:12 2200
02,06,2019,16:44:12 716
02,06,2019,16:45:12 5693
02,06,2019,16:46:12 2808
02,06,2019,16:47:12 4770
02,06,2019,16:48:12 2290
02,06,2019,16:49:12 1094
02,06,2019,16:50:12 2618
02,06,2019,16:51:12 2707
02,06,2019,16:52:12 2611
02,06,2019,16:53:12 1745
02,06,2019,16:54:12 5216
02,06,2019,16:55:12 3601
02,06,2019,16:56:12 4000
02,06,2019,16:57:12 274
02,06,2019,16:58:12 4419
02,06,2019,16:59:12 1480
02,06,2019,17:00:12 4383
02,06,2019,17:01:12 5539
02,06,2019,17:02:12 228
02,06,2019,17:03:12 425
02,06,2019,17:04:12 1564
02,06,2019,17:05:12 5435
02,06,2019,17:06:12 5296
02,06,2019,17:07:12 349
02,06,2019,17:08:12 2582
02,06,2019,17:09:12 2783
02,06,2019,17:10:12 1900
02,06,2019,17:11:12 5907
02,06,2019,17:12:12 957
02,06,2019,17:13:12 5035
02,06,2019,17:14:12 407
02,06,2019,17:15:12 3149
02,06,2019,17:16:12 4650
02,06,2019,17:17:12 1574
02,06,2019,17:18:12 2983
02,06,2019,17:19:12 4850
02,06,2019,17:20:12 5326
02,06,2019,17:21:12 1674
02,06,2019,17:22:12 4147
02,06,2019,17:23:12 5257
02,06,2019,17:24:12 3410
02,06,2019,17:25:12 665
02,06,2019,17:26:12 5807
02,06,2019,17:27:12 4722
02,06,2019,17:28:12 468
02,06,2019,17:29:12 1113
02,06,2019,17:30:12 750
02,06,2019,17:31:12 4103
02,06,2019,17:32:12 5167
02,06,2019,17:33:12 1476
02,06,2019,17:34:12 5501
02,06,2019,17:35:12 3632
02,06,2019,17:36:12 3585
02,06,2019,17:37:12 4115
02,06,2019,17:38:12 2267
02,06,2019,17:39:12 4070
02,06,2019,17:40:12 5855
02,06,2019,17:41:12 4388
02,06,2019,17:42:12 401
02,06,2019,17:43:12 3204
02,06,2019,17:44:12 4950
02,06,2019,17:45:12 3075
02,06,2019,17:46:12 1136
02,06,2019,17:47:12 2482
02,06,2019,17:48:12 5975
02,06,2019,17:49:12 1238
02,06,2019,17:50:12 5032
02,06,2019,17:51:12 823
02,06,2019,17:52:12 155
02,06,2019,17:53:12 4971
02,06,2019,17:54:12 3114
02,06,2019,17:55:12 2179
02,06,2019,17:56:12 5324
02,06,2019,17:57:12 464
02,06,2019,17:58:12 5986
02,06,2019,17:59:12 1990
02,06,2019,18:00:12 2878
02,06,2019,18:01:12 5820
02,06,2019,18:02:12 3092
02,06,2019,18:03:12 5231
02,06,2019,18:04:12 2014
02,06,2019,18:05:12 4621
02,06,2019,18:06:12 3790
02,06,2019,18:07:12 3120
02,06,2019,18:08:12 2117
02,06,2019,18:09:12 5960
02,06,2019,18:10:12 5985
02,06,2019,18:11:12 1104
02,06,2019,18:12:12 2192
02,06,2019,18:13:12 4617
02,06,2019,18:14:12 5319
02,06,2019,18:15:12 3787
02,06,2019,18:16:12 1289
02,06,2019,18:17:12 2104
02,06,2019,18:18:12 2080
02,06,2019,18:19:12 4537
02,06,2019,18:20:12 2144
02,06,2019,18:21:12 10
02,06,2019,18:22:12 5384
02,06,2019,18:23:12 4696
02,06,2019,18:24:12 1112
02,06,2019,18:25:12 2842
02,06,2019,18:26:12 2639
02,06,2019,18:27:12 5106
02,06,2019,18:28:12 4604
02,06,2019,18:29:12 4272
02,06,2019,18:30:12 4741
02,06,2019,18:31:12 2229
02,06,2019,18:32:12 5109
02,06,2019,18:33:12 3073
02,06,2019,18:34:12 3876
02,06,2019,18:35:12 2394
02,06,2019,18:36:12 2375
02,06,2019,18:37:12 2337
02,06,2019,18:38:12 5409
02,06,2019,18:39:12 1170
02,06,2019,18:40:12 52
02,06,2019,18:41:12 465
02,06,2019,18:42:12 507
02,06,2019,18:43:12 1931
02,06,2019,18:44:12 658
02,06,2019,18:45:12 3448
02,06,2019,18:46:12 1177
02,06,2019,18:47:12 4925
02,06,2019,18:48:12 790
02,06,2019,18:49:12 2978
02,06,2019,18:50:12 5583
02,06,2019,18:51:12 1528
02,06,2019,18:52:12 2952
02,06,2019,18:53:12 747
02,06,2019,18:54:12 929
02,06,2019,18:55:12 430
02,06,2019,18:56:12 2209
02,06,2019,18:57:12 2247
02,06,2019,18:58:12 3333
02,06,2019,18:59:12 4248
02,06,2019,19:00:12 2505
02,06,2019,19:01:12 3937
02,06,2019,19:02:12 3422
02,06,2019,19:03:12 1668
02,06,2019,19:04:12 88
02,06,2019,19:05:12 3595
02,06,2019,19:06:12 3824
02,06,2019,19:07:12 2681
02,06,2019,19:08:12 111
02,06,2019,19:09:12 3845
02,06,2019,19:10:12 4154
02,06,2019,19:11:12 5888
02,06,2019,19:12:12 156
02,06,2019,19:13:12 2509
02,06,2019,19:14:12 3969
02,06,2019,19:15:12 2697
02,06,2019,19:16:12 4662
02,06,2019,19:17:12 5370
02,06,2019,19:18:12 827
02,06,2019,19:19:12 2977
02,06,2019,19:20:12 1710
02,06,2019,19:21:12 1598
02,06,2019,19:22:12 90
02,06,2019,19:23:12 5799
02,06,2019,19:24:12 3014
02,06,2019,19:25:12 5757
02,06,2019,19:26:12 1632
02,06,2019,19:27:12 5379
02,06,2019,19:28:12 983
02,06,2019,19:29:12 1521
02,06,2019,19:30:12 2810
02,06,2019,19:31:12 4111
02,06,2019,19:32:12 1283
02,06,2019,19:33:12 4442
02,06,2019,19:34:12 4820
02,06,2019,19:35:12 5639
02,06,2019,19:36:12 4845
02,06,2019,19:37:12 2012
02,06,2019,19:38:12 2021
02,06,2019,19:39:12 3175
02,06,2019,19:40:12 4608
02,06,2019,19:41:12 3111
02,06,2019,19:42:12 1860
02,06,2019,19:43:12 5461
02,06,2019,19:44:12 5872
02,06,2019,19:45:12 959
02,06,2019,19:46:12 3792
02,06,2019,19:47:12 5316
02,06,2019,19:48:12 1930
02,06,2019,19:49:12 5143
02,06,2019,19:50:12 4526
02,06,2019,19:51:12 3803
02,06,2019,19:52:12 4736
02,06,2019,19:53:12 4700
02,06,2019,19:54:12 5667
02,06,2019,19:55:12 2042
02,06,2019,19:56:12 1923
02,06,2019,19:57:12 4378
02,06,2019,19:58:12 5622
02,06,2019,19:59:12 5916
02,06,2019,20:00:12 3979
02,06,2019,20:01:12 750
02,06,2019,20:02:12 4946
02,06,2019,20:03:12 5512
02,06,2019,20:04:12 1843
02,06,2019,20:05:12 3950
02,06,2019,20:06:12 5190
02,06,2019,20:07:12 2181
02,06,2019,20:08:12 3102
02,06,2019,20:09:12 3318
02,06,2019,20:10:12 3711
02,06,2019,20:11:12 4654
02,06,2019,20:12:12 4769
02,06,2019,20:13:12 3129
02,06,2019,20:14:12 759
02,06,2019,20:15:12 3610
02,06,2019,20:16:12 2778
02,06,2019,20:17:12 5810
02,06,2019,20:18:12 843
02,06,2019,20:19:12 1623
02,06,2019,20:20:12 2686
02,06,2019,20:21:12 1087
02,06,2019,20:22:12 4170
02,06,2019,20:23:12 1519
02,06,2019,20:24:12 3066
02,06,2019,20:25:12 667
02,06,2019,20:26:12 5112
02,06,2019,20:27:12 5742
02,06,2019,20:28:12 2009
02,06,2019,20:29:12 4089
02,06,2019,20:30:12 1497
02,06,2019,20:31:12 127
02,06,2019,20:32:12 5569
02,06,2019,20:33:12 1856
02,06,2019,20:34:12 2231
02,06,2019,20:35:12 3676
02,06,2019,20:36:12 1909
02,06,2019,20:37:12 4353
02,06,2019,20:38:12 176
02,06,2019,20:39:12 1413
02,06,2019,20:40:12 525
02,06,2019,20:41:12 5907
02,06,2019,20:42:12 4152
02,06,2019,20:43:12 294
02,06,2019,20:44:12 1284
02,06,2019,20:45:12 853
02,06,2019,20:46:12 3760
02,06,2019,20:47:12 3531
02,06,2019,20:48:12 2197
02,06,2019,20:49:12 5967
02,06,2019,20:50:12 5723
02,06,2019,20:51:12 3004
02,06,2019,20:52:12 5695
02,06,2019,20:53:12 1853
02,06,2019,20:54:12 479
02,06,2019,20:55:12 3377
02,06,2019,20:56:12 219
02,06,2019,20:57:12 4998
02,06,2019,20:58:12 2021
02,06,2019,20:59:12 3893
02,06,2019,21:00:12 5633
02,06,2019,21:01:12 4358
02,06,2019,21:02:12 5878
02,06,2019,21:03:12 5049
02,06,2019,21:04:12 2246
02,06,2019,21:05:12 1596
02,06,2019,21:06:12 3689
02,06,2019,21:07:12 1427
02,06,2019,21:08:12 4798
02,06,2019,21:09:12 5482
02,06,2019,21:10:12 5292
02,06,2019,21:11:12 1934
02,06,2019,21:12:12 2614
02,06,2019,21:13:12 2234
02,06,2019,21:14:12 3211
02,06,2019,21:15:12 2907
02,06,2019,21:16:12 3071
02,06,2019,21:17:12 3465
02,06,2019,21:18:12 5982
02,06,2019,21:19:12 5097
02,06,2019,21:20:12 5425
02,06,2019,21:21:12 5561
02,06,2019,21:22:12 52
02,06,2019,21:23:12 1511
02,06,2019,21:24:12 2884
02,06,2019,21:25:12 216
02,06,2019,21:26:12 3044
02,06,2019,21:27:12 2832
02,06,2019,21:28:12 2783
02,06,2019,21:29:12 2091
02,06,2019,21:30:12 929
02,06,2019,21:31:12 3168
02,06,2019,21:32:12 4151
02,06,2019,21:33:12 2389
02,06,2019,21:34:12 3909
02,06,2019,21:35:12 4608
02,06,2019,21:36:12 657
02,06,2019,21:37:12 463
02,06,2019,21:38:12 2452
02,06,2019,21:39:12 951
02,06,2019,21:40:12 4258
02,06,2019,21:41:12 3088
02,06,2019,21:42:12 4603
02,06,2019,21:43:12 2624
02,06,2019,21:44:12 80
02,06,2019,21:45:12 3937
02,06,2019,21:46:12 1386
02,06,2019,21:47:12 4688
02,06,2019,21:48:12 11
02,06,2019,21:49:12 5951
02,06,2019,21:50:12 3588
02,06,2019,21:51:12 4674
02,06,2019,21:52:12 978
02,06,2019,21:53:12 893
02,06,2019,21:54:12 5319
02,06,2019,21:55:12 4601
02,06,2019,21:56:12 5400
02,06,2019,21:57:12 2401
02,06,2019,21:58:12 1542
02,06,2019,21:59:12 3974
02,06,2019,22:00:12 4233
02,06,2019,22:01:12 4344
02,06,2019,22:02:12 2865
02,06,2019,22:03:12 172
02,06,2019,22:04:12 5215
02,06,2019,22:05:12 4405
02,06,2019,22:06:12 4082
02,06,2019,22:07:12 4415
02,06,2019,22:08:12 2101
02,06,2019,22:09:12 3413
02,06,2019,22:10:12 3576
02,06,2019,22:11:12 5431
02,06,2019,22:12:12 4086
02,06,2019,22:13:12 4746
02,06,2019,22:14:12 2731
02,06,2019,22:15:12 1293
02,06,2019,22:16:12 3771
02,06,2019,22:17:12 2233
02,06,2019,22:18:12 4968
02,06,2019,22:19:12 4797
02,06,2019,22:20:12 2393
02,06,2019,22:21:12 2228
02,06,2019,22:22:12 1564
02,06,2019,22:23:12 528
02,06,2019,22:24:12 5547
02,06,2019,22:25:12 2580
02,06,2019,22:26:12 5756
02,06,2019,22:27:12 3020
02,06,2019,22:28:12 4691
02,06,2019,22:29:12 4130
02,06,2019,22:30:12 5599
02,06,2019,22:31:12 5481
02,06,2019,22:32:12 2731
02,06,2019,22:33:12 4804
02,06,2019,22:34:12 5751
02,06,2019,22:35:12 3884
02,06,2019,22:36:12 4217
02,06,2019,22:37:12 1837
02,06,2019,22:38:12 5301
02,06,2019,22:39:12 2055
02,06,2019,22:40:12 1812
02,06,2019,22:41:12 297
02,06,2019,22:42:12 1621
02,06,2019,22:43:12 3889
02,06,2019,22:44:12 3044
02,06,2019,22:45:12 3455
02,06,2019,22:46:12 2734
02,06,2019,22:47:12 1136
02,06,2019,22:48:12 1250
02,06,2019,22:49:12 2910
02,06,2019,22:50:12 3470
02,06,2019,22:51:12 4435
02,06,2019,22:52:12 4018
02,06,2019,22:53:12 5497
02,06,2019,22:54:12 1454
02,06,2019,22:55:12 3643
02,06,2019,22:56:12 3289
02,06,2019,22:57:12 2667
02,06,2019,22:58:12 989
02,06,2019,22:59:12 2932
02,06,2019,23:00:12 163
02,06,2019,23:01:12 927
02,06,2019,23:02:12 5379
02,06,2019,23:03:12 3309
02,06,2019,23:04:12 2066
02,06,2019,23:05:12 5829
02,06,2019,23:06:12 843
02,06,2019,23:07:12 3590
02,06,2019,23:08:12 659
02,06,2019,23:09:12 2490
02,06,2019,23:10:12 4189
02,06,2019,23:11:12 4699
02,06,2019,23:12:12 5981
02,06,2019,23:13:12 541
02,06,2019,23:14:12 298
02,06,2019,23:15:12 3533
02,06,2019,23:16:12 4296
02,06,2019,23:17:12 425
02,06,2019,23:18:12 540
02,06,2019,23:19:12 4007
02,06,2019,23:20:12 4814
02,06,2019,23:21:12 1128
02,06,2019,23:22:12 701
02,06,2019,23:23:12 356
02,06,2019,23:24:12 1052
02,06,2019,23:25:12 429
02,06,2019,23:26:12 5975
02,06,2019,23:27:12 1057
02,06,2019,23:28:12 5692
02,06,2019,23:29:12 4410
02,06,2019,23:30:12 5902
02,06,2019,23:31:12 3367
02,06,2019,23:32:12 2356
02,06,2019,23:33:12 3842
02,06,2019,23:34:12 1628
02,06,2019,23:35:12 4915
02,06,2019,23:36:12 1536
02,06,2019,23:37:12 719
02,06,2019,23:38:12 5571
02,06,2019,23:39:12 4427
02,06,2019,23:40:12 2963
02,06,2019,23:41:12 4758
02,06,2019,23:42:12 996
02,06,2019,23:43:12 5539
02,06,2019,23:44:12 5993
02,06,2019,23:45:12 4665
02,06,2019,23:46:12 6000
02,06,2019,23:47:12 4798
02,06,2019,23:48:12 4683
02,06,2019,23:49:12 1034
02,06,2019,23:50:12 47
02,06,2019,23:51:12 3627
02,06,2019,23:52:12 5642
02,06,2019,23:53:12 5636
02,06,2019,23:54:12 5561
02,06,2019,23:55:12 1601
02,06,2019,23:56:12 791
02,06,2019,23:57:12 2030
02,06,2019,23:58:12 3797
02,06,2019,23:59:12 2465
03,06,2019,00:00:12 3214
03,06,2019,00:01:12 5889
03,06,2019,00:02:12 2878
03,06,2019,00:03:12 2123
03,06,2019,00:04:12 795
03,06,2019,00:05:12 1514
03,06,2019,00:06:12 3831
03,06,2019,00:07:12 2567
03,06,2019,00:08:12 2335
03,06,2019,00:09:12 4459
03,06,2019,00:10:12 4827
03,06,2019,00:11:12 1893
03,06,2019,00:12:12 4681
03,06,2019,00:13:12 5336
03,06,2019,00:14:12 5170
03,06,2019,00:15:12 2606
03,06,2019,00:16:12 3347
03,06,2019,00:17:12 664
03,06,2019,00:18:12 3902
03,06,2019,00:19:12 195
03,06,2019,00:20:12 1782
03,06,2019,00:21:12 5625
03,06,2019,00:22:12 4966
03,06,2019,00:23:12 5688
03,06,2019,00:24:12 1013
03,06,2019,00:25:12 793
03,06,2019,00:26:12 5675
03,06,2019,00:27:12 2740
03,06,2019,00:28:12 3759
03,06,2019,00:29:12 747
03,06,2019,00:30:12 4349
03,06,2019,00:31:12 1041
03,06,2019,00:32:12 234
03,06,2019,00:33:12 5311
03,06,2019,00:34:12 1640
03,06,2019,00:35:12 1516
03,06,2019,00:36:12 5514
03,06,2019,00:37:12 3342
03,06,2019,00:38:12 148
03,06,2019,00:39:12 1641
03,06,2019,00:40:12 2001
03,06,2019,00:41:12 3256
03,06,2019,00:42:12 1402
03,06,2019,00:43:12 1882
03,06,2019,00:44:12 4754
03,06,2019,00:45:12 3362
03,06,2019,00:46:12 5752
03,06,2019,00:47:12 620
03,06,2019,00:48:12 4899
03,06,2019,00:49:12 541
03,06,2019,00:50:12 2106
03,06,2019,00:51:12 4986
03,06,2019,00:52:12 4419
03,06,2019,00:53:12 4639
03,06,2019,00:54:12 1651
03,06,2019,00:55:12 866
03,06,2019,00:56:12 5938
03,06,2019,00:57:12 4394
03,06,2019,00:58:12 2834
03,06,2019,00:59:12 1933
03,06,2019,01:00:12 2274
03,06,2019,01:01:12 2143
03,06,2019,01:02:12 2133
03,06,2019,01:03:12 3632
03,06,2019,01:04:12 4859
03,06,2019,01:05:12 5997
03,06,2019,01:06:12 2274
03,06,2019,01:07:12 2979
03,06,2019,01:08:12 2879
03,06,2019,01:09:12 1385
03,06,2019,01:10:12 4716
03,06,2019,01:11:12 5167
03,06,2019,01:12:12 2800
03,06,2019,01:13:12 5175
03,06,2019,01:14:12 2001
03,06,2019,01:15:12 2337
03,06,2019,01:16:12 1090
03,06,2019,01:17:12 4698
03,06,2019,01:18:12 3413
03,06,2019,01:19:12 5159
03,06,2019,01:20:12 1484
03,06,2019,01:21:12 1094
03,06,2019,01:22:12 3878
03,06,2019,01:23:12 1219
03,06,2019,01:24:12 2015
03,06,2019,01:25:12 867
03,06,2019,01:26:12 5858
03,06,2019,01:27:12 835
03,06,2019,01:28:12 4835
03,06,2019,01:29:12 2030
03,06,2019,01:30:12 4189
03,06,2019,01:31:12 4935
03,06,2019,01:32:12 4436
03,06,2019,01:33:12 305
03,06,2019,01:34:12 271
03,06,2019,01:35:12 5321
03,06,2019,01:36:12 3823
03,06,2019,01:37:12 3321
03,06,2019,01:38:12 5907
03,06,2019,01:39:12 5229
03,06,2019,01:40:12 1154
03,06,2019,01:41:12 4446
03,06,2019,01:42:12 53
03,06,2019,01:43:12 5700
03,06,2019,01:44:12 742
03,06,2019,01:45:12 825
03,06,2019,01:46:12 3992
03,06,2019,01:47:12 4787
03,06,2019,01:48:12 4894
03,06,2019,01:49:12 1936
03,06,2019,01:50:12 5370
03,06,2019,01:51:12 4911
03,06,2019,01:52:12 2482
03,06,2019,01:53:12 4701
03,06,2019,01:54:12 3634
03,06,2019,01:55:12 223
03,06,2019,01:56:12 335
03,06,2019,01:57:12 1945
03,06,2019,01:58:12 2363
03,06,2019,01:59:12 4579
03,06,2019,02:00:12 256
03,06,2019,02:01:12 1396
03,06,2019,02:02:12 1316
03,06,2019,02:03:12 2212
03,06,2019,02:04:12 3788
03,06,2019,02:05:12 2348
03,06,2019,02:06:12 3494
03,06,2019,02:07:12 5704
03,06,2019,02:08:12 5728
03,06,2019,02:09:12 594
03,06,2019,02:10:12 4941
03,06,2019,02:11:12 1707
03,06,2019,02:12:12 717
03,06,2019,02:13:12 2140
03,06,2019,02:14:12 3751
03,06,2019,02:15:12 3764
03,06,2019,02:16:12 3096
03,06,2019,02:17:12 1962
03,06,2019,02:18:12 5658
03,06,2019,02:19:12 4651
03,06,2019,02:20:12 1614
03,06,2019,02:21:12 1625
03,06,2019,02:22:12 63
03,06,2019,02:23:12 319
03,06,2019,02:24:12 3450
03,06,2019,02:25:12 3831
03,06,2019,02:26:12 907
03,06,2019,02:27:12 1093
03,06,2019,02:28:12 5550
03,06,2019,02:29:12 2252
03,06,2019,02:30:12 435
03,06,2019,02:31:12 1221
03,06,2019,02:32:12 5896
03,06,2019,02:33:12 3559
03,06,2019,02:34:12 1283
03,06,2019,02:35:12 1626
03,06,2019,02:36:12 2726
03,06,2019,02:37:12 1880
03,06,2019,02:38:12 2353
03,06,2019,02:39:12 2485
03,06,2019,02:40:12 2483
03,06,2019,02:41:12 2510
03,06,2019,02:42:12 5244
03,06,2019,02:43:12 5898
03,06,2019,02:44:12 1233
03,06,2019,02:45:12 3882
03,06,2019,02:46:12 3718
03,06,2019,02:47:12 3206
03,06,2019,02:48:12 1421
03,06,2019,02:49:12 2671
03,06,2019,02:50:12 3417
03,06,2019,02:51:12 3026
03,06,2019,02:52:12 3246
03,06,2019,02:53:12 1661
03,06,2019,02:54:12 670
03,06,2019,02:55:12 1996
03,06,2019,02:56:12 2447
03,06,2019,02:57:12 4454
03,06,2019,02:58:12 3044
03,06,2019,02:59:12 1467
03,06,2019,03:00:12 3009
03,06,2019,03:01:12 4391
03,06,2019,03:02:12 533
03,06,2019,03:03:12 4528
03,06,2019,03:04:12 3016
03,06,2019,03:05:12 4527
03,06,2019,03:06:12 898
03,06,2019,03:07:12 720
03,06,2019,03:08:12 1569
03,06,2019,03:09:12 5993
03,06,2019,03:10:12 274
03,06,2019,03:11:12 2722
03,06,2019,03:12:12 4059
03,06,2019,03:13:12 1244
03,06,2019,03:14:12 5732
03,06,2019,03:15:12 1963
03,06,2019,03:16:12 5617
03,06,2019,03:17:12 4261
03,06,2019,03:18:12 5795
03,06,2019,03:19:12 1138
03,06,2019,03:20:12 4698
03,06,2019,03:21:12 2767
03,06,2019,03:22:12 3757
03,06,2019,03:23:12 5188
03,06,2019,03:24:12 5417
03,06,2019,03:25:12 5812
03,06,2019,03:26:12 1297
03,06,2019,03:27:12 3991
03,06,2019,03:28:12 1109
03,06,2019,03:29:12 5253
03,06,2019,03:30:12 2363
03,06,2019,03:31:12 1164
03,06,2019,03:32:12 1951
03,06,2019,03:33:12 4060
03,06,2019,03:34:12 927
03,06,2019,03:35:12 127
03,06,2019,03:36:12 4888
03,06,2019,03:37:12 932
03,06,2019,03:38:12 3991
03,06,2019,03:39:12 5233
03,06,2019,03:40:12 421
03,06,2019,03:41:12 5619
03,06,2019,03:42:12 3523
03,06,2019,03:43:12 4050
03,06,2019,03:44:12 3263
03,06,2019,03:45:12 188
03,06,2019,03:46:12 1229
03,06,2019,03:47:12 1341
03,06,2019,03:48:12 307
03,06,2019,03:49:12 3270
03,06,2019,03:50:12 3903
03,06,2019,03:51:12 5746
03,06,2019,03:52:12 3312
03,06,2019,03:53:12 3873
03,06,2019,03:54:12 4066
03,06,2019,03:55:12 681
03,06,2019,03:56:12 2515
03,06,2019,03:57:12 1148
03,06,2019,03:58:12 517
03,06,2019,03:59:12 1193
03,06,2019,04:00:12 1917
03,06,2019,04:01:12 4621
03,06,2019,04:02:12 4819
03,06,2019,04:03:12 1623
03,06,2019,04:04:12 403
03,06,2019,04:05:12 1827
03,06,2019,04:06:12 4921
03,06,2019,04:07:12 3555
03,06,2019,04:08:12 5352
03,06,2019,04:09:12 528
03,06,2019,04:10:12 3541
03,06,2019,04:11:12 1035
03,06,2019,04:12:12 1713
03,06,2019,04:13:12 1859
03,06,2019,04:14:12 5969
03,06,2019,04:15:12 2383
03,06,2019,04:16:12 5058
03,06,2019,04:17:12 5497
03,06,2019,04:18:12 993
03,06,2019,04:19:12 3163
03,06,2019,04:20:12 322
03,06,2019,04:21:12 4591
03,06,2019,04:22:12 3162
03,06,2019,04:23:12 3212
03,06,2019,04:24:12 45
03,06,2019,04:25:12 2395
03,06,2019,04:26:12 188
03,06,2019,04:27:12 4243
03,06,2019,04:28:12 5135
03,06,2019,04:29:12 1341
03,06,2019,04:30:12 4129
03,06,2019,04:31:12 3332
03,06,2019,04:32:12 5804
03,06,2019,04:33:12 4468
03,06,2019,04:34:12 4694
03,06,2019,04:35:12 3208
03,06,2019,04:36:12 4852
03,06,2019,04:37:12 2998
03,06,2019,04:38:12 5490
03,06,2019,04:39:12 3846
03,06,2019,04:40:12 928
03,06,2019,04:41:12 2145
03,06,2019,04:42:12 5546
03,06,2019,04:43:12 5813
03,06,2019,04:44:12 2873
03,06,2019,04:45:12 3194
03,06,2019,04:46:12 5322
03,06,2019,04:47:12 5626
03,06,2019,04:48:12 5486
03,06,2019,04:49:12 5226
03,06,2019,04:50:12 2682
03,06,2019,04:51:12 2449
03,06,2019,04:52:12 5870
03,06,2019,04:53:12 3840
03,06,2019,04:54:12 2856
03,06,2019,04:55:12 5733
03,06,2019,04:56:12 5180
03,06,2019,04:57:12 5345
03,06,2019,04:58:12 5871
03,06,2019,04:59:12 5544
03,06,2019,05:00:12 5821
03,06,2019,05:01:12 4035
03,06,2019,05:02:12 2249
03,06,2019,05:03:12 2030
03,06,2019,05:04:12 3914
03,06,2019,05:05:12 1382
03,06,2019,05:06:12 912
03,06,2019,05:07:12 4701
03,06,2019,05:08:12 3118
03,06,2019,05:09:12 4203
03,06,2019,05:10:12 2425
03,06,2019,05:11:12 2754
03,06,2019,05:12:12 1061
03,06,2019,05:13:12 1636
03,06,2019,05:14:12 548
03,06,2019,05:15:12 2218
03,06,2019,05:16:12 2175
03,06,2019,05:17:12 880
03,06,2019,05:18:12 3986
03,06,2019,05:19:12 486
03,06,2019,05:20:12 3139
03,06,2019,05:21:12 2124
03,06,2019,05:22:12 4866
03,06,2019,05:23:12 5295
03,06,2019,05:24:12 3488
03,06,2019,05:25:12 3059
03,06,2019,05:26:12 4669
03,06,2019,05:27:12 4343
03,06,2019,05:28:12 3857
03,06,2019,05:29:12 2073
03,06,2019,05:30:12 1451
03,06,2019,05:31:12 4347
03,06,2019,05:32:12 2871
03,06,2019,05:33:12 3727
03,06,2019,05:34:12 3001
03,06,2019,05:35:12 4395
03,06,2019,05:36:12 2331
03,06,2019,05:37:12 604
03,06,2019,05:38:12 3964
03,06,2019,05:39:12 2055
03,06,2019,05:40:12 2204
03,06,2019,05:41:12 4896
03,06,2019,05:42:12 2138
03,06,2019,05:43:12 4715
03,06,2019,05:44:12 2597
03,06,2019,05:45:12 455
03,06,2019,05:46:12 494
03,06,2019,05:47:12 568
03,06,2019,05:48:12 5520
03,06,2019,05:49:12 3971
03,06,2019,05:50:12 879
03,06,2019,05:51:12 3374
03,06,2019,05:52:12 1539
03,06,2019,05:53:12 778
03,06,2019,05:54:12 3720
03,06,2019,05:55:12 1204
03,06,2019,05:56:12 5129
03,06,2019,05:57:12 1550
03,06,2019,05:58:12 5578
03,06,2019,05:59:12 182
03,06,2019,06:00:12 1140
03,06,2019,06:01:12 4003
03,06,2019,06:02:12 2966
03,06,2019,06:03:12 4169
03,06,2019,06:04:12 1156
03,06,2019,06:05:12 5481
03,06,2019,06:06:12 3789
03,06,2019,06:07:12 2804
03,06,2019,06:08:12 1718
03,06,2019,06:09:12 4558
03,06,2019,06:10:12 4180
03,06,2019,06:11:12 1812
03,06,2019,06:12:12 5927
03,06,2019,06:13:12 5223
03,06,2019,06:14:12 3528
03,06,2019,06:15:12 5780
03,06,2019,06:16:12 1298
03,06,2019,06:17:12 4570
03,06,2019,06:18:12 3361
03,06,2019,06:19:12 5548
03,06,2019,06:20:12 3084
03,06,2019,06:21:12 1983
03,06,2019,06:22:12 968
03,06,2019,06:23:12 1105
03,06,2019,06:24:12 2238
03,06,2019,06:25:12 4946
03,06,2019,06:26:12 4927
03,06,2019,06:27:12 2975
03,06,2019,06:28:12 5943
03,06,2019,06:29:12 1694
03,06,2019,06:30:12 3986
03,06,2019,06:31:12 2209
03,06,2019,06:32:12 1758
03,06,2019,06:33:12 594
03,06,2019,06:34:12 5931
03,06,2019,06:35:12 99
03,06,2019,06:36:12 465
03,06,2019,06:37:12 2867
03,06,2019,06:38:12 5196
03,06,2019,06:39:12 3634
03,06,2019,06:40:12 3310
03,06,2019,06:41:12 429
03,06,2019,06:42:12 2166
03,06,2019,06:43:12 2577
03,06,2019,06:44:12 3445
03,06,2019,06:45:12 1497
03,06,2019,06:46:12 5554
03,06,2019,06:47:12 1916
03,06,2019,06:48:12 4931
03,06,2019,06:49:12 5293
03,06,2019,06:50:12 4376
03,06,2019,06:51:12 1920
03,06,2019,06:52:12 1060
03,06,2019,06:53:12 1371
03,06,2019,06:54:12 3957
03,06,2019,06:55:12 4863
03,06,2019,06:56:12 4357
03,06,2019,06:57:12 5716
03,06,2019,06:58:12 2390
03,06,2019,06:59:12 1132
03,06,2019,07:00:12 2680
03,06,2019,07:01:12 2333
03,06,2019,07:02:12 3103
03,06,2019,07:03:12 5398
03,06,2019,07:04:12 2031
03,06,2019,07:05:12 2569
03,06,2019,07:06:12 2010
03,06,2019,07:07:12 2752
03,06,2019,07:08:12 2259
03,06,2019,07:09:12 314
03,06,2019,07:10:12 4345
03,06,2019,07:11:12 5374
03,06,2019,07:12:12 543
03,06,2019,07:13:12 2024
03,06,2019,07:14:12 5627
03,06,2019,07:15:12 4115
03,06,2019,07:16:12 5968
03,06,2019,07:17:12 1500
03,06,2019,07:18:12 1423
03,06,2019,07:19:12 5527
03,06,2019,07:20:12 4123
03,06,2019,07:21:12 160
03,06,2019,07:22:12 2564
03,06,2019,07:23:12 100
03,06,2019,07:24:12 5077
03,06,2019,07:25:12 4484
03,06,2019,07:26:12 1580
03,06,2019,07:27:12 2111
03,06,2019,07:28:12 1655
03,06,2019,07:29:12 4377
03,06,2019,07:30:12 384
03,06,2019,07:31:12 1481
03,06,2019,07:32:12 1683
03,06,2019,07:33:12 4950
03,06,2019,07:34:12 5447
03,06,2019,07:35:12 4490
03,06,2019,07:36:12 3203
03,06,2019,07:37:12 256
03,06,2019,07:38:12 4262
03,06,2019,07:39:12 869
03,06,2019,07:40:12 4673
03,06,2019,07:41:12 1640
03,06,2019,07:42:12 3959
03,06,2019,07:43:12 4060
03,06,2019,07:44:12 5712
03,06,2019,07:45:12 4263
03,06,2019,07:46:12 1981
03,06,2019,07:47:12 4181
03,06,2019,07:48:12 358
03,06,2019,07:49:12 3652
03,06,2019,07:50:12 3235
03,06,2019,07:51:12 3020
03,06,2019,07:52:12 3616
03,06,2019,07:53:12 3246
03,06,2019,07:54:12 2950
03,06,2019,07:55:12 443
03,06,2019,07:56:12 2904
03,06,2019,07:57:12 5559
03,06,2019,07:58:12 1482
03,06,2019,07:59:12 2107
03,06,2019,08:00:12 2351
03,06,2019,08:01:12 5495
03,06,2019,08:02:12 2496
03,06,2019,08:03:12 4979
03,06,2019,08:04:12 391
03,06,2019,08:05:12 729
03,06,2019,08:06:12 1041
03,06,2019,08:07:12 2128
03,06,2019,08:08:12 215
03,06,2019,08:09:12 2446
03,06,2019,08:10:12 3528
03,06,2019,08:11:12 538
03,06,2019,08:12:12 4005
03,06,2019,08:13:12 5702
03,06,2019,08:14:12 253
03,06,2019,08:15:12 3875
03,06,2019,08:16:12 2217
03,06,2019,08:17:12 5212
03,06,2019,08:18:12 635
03,06,2019,08:19:12 4070
03,06,2019,08:20:12 5164
03,06,2019,08:21:12 1352
03,06,2019,08:22:12 5993
03,06,2019,08:23:12 838
03,06,2019,08:24:12 952
03,06,2019,08:25:12 3342
03,06,2019,08:26:12 4777
03,06,2019,08:27:12 3594
03,06,2019,08:28:12 448
03,06,2019,08:29:12 4301
03,06,2019,08:30:12 845
03,06,2019,08:31:12 1590
03,06,2019,08:32:12 3215
03,06,2019,08:33:12 4561
03,06,2019,08:34:12 5662
03,06,2019,08:35:12 5841
03,06,2019,08:36:12 5329
03,06,2019,08:37:12 3827
03,06,2019,08:38:12 461
03,06,2019,08:39:12 1789
03,06,2019,08:40:12 369
03,06,2019,08:41:12 4624
03,06,2019,08:42:12 4956
03,06,2019,08:43:12 3155
03,06,2019,08:44:12 5767
03,06,2019,08:45:12 439
03,06,2019,08:46:12 2872
03,06,2019,08:47:12 311
03,06,2019,08:48:12 5148
03,06,2019,08:49:12 2733
03,06,2019,08:50:12 802
03,06,2019,08:51:12 2073
03,06,2019,08:52:12 5250
03,06,2019,08:53:12 5635
03,06,2019,08:54:12 2488
03,06,2019,08:55:12 841
03,06,2019,08:56:12 1096
03,06,2019,08:57:12 5874
03,06,2019,08:58:12 3025
03,06,2019,08:59:12 4328
03,06,2019,09:00:12 1659
03,06,2019,09:01:12 2511
03,06,2019,09:02:12 477
03,06,2019,09:03:12 3446
03,06,2019,09:04:12 3300
03,06,2019,09:05:12 1722
03,06,2019,09:06:12 1369
03,06,2019,09:07:12 3752
03,06,2019,09:08:12 5306
03,06,2019,09:09:12 1912
03,06,2019,09:10:12 4585
03,06,2019,09:11:12 4539
03,06,2019,09:12:12 5811
03,06,2019,09:13:12 4279
03,06,2019,09:14:12 2529
03,06,2019,09:15:12 1893
03,06,2019,09:16:12 3251
03,06,2019,09:17:12 5851
03,06,2019,09:18:12 1137
03,06,2019,09:19:12 5979
03,06,2019,09:20:12 1321
03,06,2019,09:21:12 530
03,06,2019,09:22:12 4306
03,06,2019,09:23:12 2038
03,06,2019,09:24:12 340
03,06,2019,09:25:12 4377
03,06,2019,09:26:12 4782
03,06,2019,09:27:12 5027
03,06,2019,09:28:12 5006
03,06,2019,09:29:12 848
03,06,2019,09:30:12 5138
03,06,2019,09:31:12 716
03,06,2019,09:32:12 4320
03,06,2019,09:33:12 160
03,06,2019,09:34:12 950
03,06,2019,09:35:12 3033
03,06,2019,09:36:12 1373
03,06,2019,09:37:12 5712
03,06,2019,09:38:12 1793
03,06,2019,09:39:12 188
03,06,2019,09:40:12 2515
03,06,2019,09:41:12 4623
03,06,2019,09:42:12 4103
03,06,2019,09:43:12 4678
03,06,2019,09:44:12 4443
03,06,2019,09:45:12 1172
03,06,2019,09:46:12 2351
03,06,2019,09:47:12 1713
03,06,2019,09:48:12 2736
03,06,2019,09:49:12 4298
03,06,2019,09:50:12 78
03,06,2019,09:51:12 5670
03,06,2019,09:52:12 4527
03,06,2019,09:53:12 4341
03,06,2019,09:54:12 3084
03,06,2019,09:55:12 948
03,06,2019,09:56:12 2254
03,06,2019,09:57:12 114
03,06,2019,09:58:12 5105
03,06,2019,09:59:12 3756
03,06,2019,10:00:12 4965
03,06,2019,10:01:12 4123
03,06,2019,10:02:12 2043
03,06,2019,10:03:12 4362
03,06,2019,10:04:12 4170
03,06,2019,10:05:12 982
03,06,2019,10:06:12 1500
03,06,2019,10:07:12 3978
03,06,2019,10:08:12 672
03,06,2019,10:09:12 2014
03,06,2019,10:10:12 1790
03,06,2019,10:11:12 5848
03,06,2019,10:12:12 5033
03,06,2019,10:13:12 1931
03,06,2019,10:14:12 2062
03,06,2019,10:15:12 5203
03,06,2019,10:16:12 3234
03,06,2019,10:17:12 1469
03,06,2019,10:18:12 5586
03,06,2019,10:19:12 4371
03,06,2019,10:20:12 5445
03,06,2019,10:21:12 5520
03,06,2019,10:22:12 4237
03,06,2019,10:23:12 5233
03,06,2019,10:24:12 3838
03,06,2019,10:25:12 1770
03,06,2019,10:26:12 3357
03,06,2019,10:27:12 2723
03,06,2019,10:28:12 5967
03,06,2019,10:29:12 3390
03,06,2019,10:30:12 3883
03,06,2019,10:31:12 1386
03,06,2019,10:32:12 1740
03,06,2019,10:33:12 1835
03,06,2019,10:34:12 108
03,06,2019,10:35:12 2538
03,06,2019,10:36:12 2286
03,06,2019,10:37:12 4951
03,06,2019,10:38:12 3861
03,06,2019,10:39:12 1762
03,06,2019,10:40:12 1835
03,06,2019,10:41:12 1278
03,06,2019,10:42:12 1183
03,06,2019,10:43:12 4689
03,06,2019,10:44:12 653
03,06,2019,10:45:12 361
03,06,2019,10:46:12 3127
03,06,2019,10:47:12 3555
03,06,2019,10:48:12 3071
03,06,2019,10:49:12 4351
03,06,2019,10:50:12 1106
03,06,2019,10:51:12 2724
