02,06,2019,11:18:44 37 7
02,06,2019,11:19:44 31 12
02,06,2019,11:20:44 17 40
02,06,2019,11:21:44 25 35
02,06,2019,11:22:44 39 25
02,06,2019,11:23:44 16 23
02,06,2019,11:24:44 11 25
02,06,2019,11:25:44 17 34
02,06,2019,11:26:44 22 35
02,06,2019,11:27:44 10 35
02,06,2019,11:28:44 20 34
02,06,2019,11:29:44 2 11
02,06,2019,11:30:44 10 35
02,06,2019,11:31:44 34 23
02,06,2019,11:32:44 33 28
02,06,2019,11:33:44 35 12
02,06,2019,11:34:44 27 39
02,06,2019,11:35:44 31 37
02,06,2019,11:36:44 19 35
02,06,2019,11:37:44 17 30
02,06,2019,11:38:44 25 9
02,06,2019,11:39:44 7 33
02,06,2019,11:40:44 19 25
02,06,2019,11:41:44 25 27
02,06,2019,11:42:44 32 7
02,06,2019,11:43:44 0 40
02,06,2019,11:44:44 17 2
02,06,2019,11:45:44 26 3
02,06,2019,11:46:44 10 39
02,06,2019,11:47:44 10 35
02,06,2019,11:48:44 36 21
02,06,2019,11:49:44 18 33
02,06,2019,11:50:44 38 5
02,06,2019,11:51:44 17 38
02,06,2019,11:52:44 4 13
02,06,2019,11:53:44 27 31
02,06,2019,11:54:44 26 29
02,06,2019,11:55:44 3 40
02,06,2019,11:56:44 13 31
02,06,2019,11:57:44 21 1
02,06,2019,11:58:44 0 15
02,06,2019,11:59:44 4 1
02,06,2019,12:00:44 6 18
02,06,2019,12:01:44 24 4
02,06,2019,12:02:44 36 32
02,06,2019,12:03:44 16 3
02,06,2019,12:04:44 6 0
02,06,2019,12:05:44 27 30
02,06,2019,12:06:44 19 15
02,06,2019,12:07:44 13 14
02,06,2019,12:08:44 11 32
02,06,2019,12:09:44 40 3
02,06,2019,12:10:44 20 32
02,06,2019,12:11:44 28 14
02,06,2019,12:12:44 7 15
02,06,2019,12:13:44 27 17
02,06,2019,12:14:44 40 40
02,06,2019,12:15:44 13 4
02,06,2019,12:16:44 11 18
02,06,2019,12:17:44 11 16
02,06,2019,12:18:44 31 7
02,06,2019,12:19:44 3 37
02,06,2019,12:20:44 32 0
02,06,2019,12:21:44 25 38
02,06,2019,12:22:44 3 20
02,06,2019,12:23:44 5 39
02,06,2019,12:24:44 0 37
02,06,2019,12:25:44 27 18
02,06,2019,12:26:44 12 0
02,06,2019,12:27:44 19 37
02,06,2019,12:28:44 38 17
02,06,2019,12:29:44 27 8
02,06,2019,12:30:44 32 15
02,06,2019,12:31:44 8 6
02,06,2019,12:32:44 0 0
02,06,2019,12:33:44 34 6
02,06,2019,12:34:44 7 23
02,06,2019,12:35:44 30 35
02,06,2019,12:36:44 20 4
02,06,2019,12:37:44 16 18
02,06,2019,12:38:44 39 13
02,06,2019,12:39:44 37 4
02,06,2019,12:40:44 33 32
02,06,2019,12:41:44 34 38
02,06,2019,12:42:44 3 34
02,06,2019,12:43:44 1 11
02,06,2019,12:44:44 38 38
02,06,2019,12:45:44 38 38
02,06,2019,12:46:44 38 24
02,06,2019,12:47:44 18 3
02,06,2019,12:48:44 28 39
02,06,2019,12:49:44 30 23
02,06,2019,12:50:44 37 18
02,06,2019,12:51:44 36 12
02,06,2019,12:52:44 6 5
02,06,2019,12:53:44 24 39
02,06,2019,12:54:44 4 8
02,06,2019,12:55:44 21 24
02,06,2019,12:56:44 2 14
02,06,2019,12:57:44 40 11
02,06,2019,12:58:44 6 26
02,06,2019,12:59:44 37 25
02,06,2019,13:00:44 30 4
02,06,2019,13:01:44 1 31
02,06,2019,13:02:44 38 14
02,06,2019,13:03:44 30 33
02,06,2019,13:04:44 11 1
02,06,2019,13:05:44 33 11
02,06,2019,13:06:44 7 39
02,06,2019,13:07:44 12 36
02,06,2019,13:08:44 12 27
02,06,2019,13:09:44 14 2
02,06,2019,13:10:44 3 40
02,06,2019,13:11:44 12 24
02,06,2019,13:12:44 31 21
02,06,2019,13:13:44 12 29
02,06,2019,13:14:44 26 40
02,06,2019,13:15:44 35 27
02,06,2019,13:16:44 35 21
02,06,2019,13:17:44 7 28
02,06,2019,13:18:44 20 18
02,06,2019,13:19:44 26 29
02,06,2019,13:20:44 26 1
02,06,2019,13:21:44 21 23
02,06,2019,13:22:44 15 35
02,06,2019,13:23:44 15 26
02,06,2019,13:24:44 15 40
02,06,2019,13:25:44 30 33
02,06,2019,13:26:44 17 38
02,06,2019,13:27:44 39 14
02,06,2019,13:28:44 0 0
02,06,2019,13:29:44 36 26
02,06,2019,13:30:44 1 27
02,06,2019,13:31:44 11 10
02,06,2019,13:32:44 29 21
02,06,2019,13:33:44 17 37
02,06,2019,13:34:44 36 38
02,06,2019,13:35:44 11 26
02,06,2019,13:36:44 28 21
02,06,2019,13:37:44 35 3
02,06,2019,13:38:44 33 33
02,06,2019,13:39:44 21 25
02,06,2019,13:40:44 22 21
02,06,2019,13:41:44 4 20
02,06,2019,13:42:44 6 1
02,06,2019,13:43:44 19 24
02,06,2019,13:44:44 12 6
02,06,2019,13:45:44 31 23
02,06,2019,13:46:44 17 22
02,06,2019,13:47:44 9 13
02,06,2019,13:48:44 15 33
02,06,2019,13:49:44 19 9
02,06,2019,13:50:44 2 19
02,06,2019,13:51:44 25 17
02,06,2019,13:52:44 36 40
02,06,2019,13:53:44 28 6
02,06,2019,13:54:44 22 0
02,06,2019,13:55:44 8 14
02,06,2019,13:56:44 28 6
02,06,2019,13:57:44 1 6
02,06,2019,13:58:44 11 30
02,06,2019,13:59:44 7 4
02,06,2019,14:00:44 17 36
02,06,2019,14:01:44 40 35
02,06,2019,14:02:44 40 1
02,06,2019,14:03:44 21 32
02,06,2019,14:04:44 26 26
02,06,2019,14:05:44 13 35
02,06,2019,14:06:44 3 35
02,06,2019,14:07:44 34 36
02,06,2019,14:08:44 4 8
02,06,2019,14:09:44 18 7
02,06,2019,14:10:44 25 4
02,06,2019,14:11:44 31 11
02,06,2019,14:12:44 6 24
02,06,2019,14:13:44 26 36
02,06,2019,14:14:44 26 33
02,06,2019,14:15:44 32 18
02,06,2019,14:16:44 36 31
02,06,2019,14:17:44 9 23
02,06,2019,14:18:44 38 19
02,06,2019,14:19:44 40 28
02,06,2019,14:20:44 35 17
02,06,2019,14:21:44 26 25
02,06,2019,14:22:44 7 33
02,06,2019,14:23:44 40 30
02,06,2019,14:24:44 14 16
02,06,2019,14:25:44 19 18
02,06,2019,14:26:44 5 30
02,06,2019,14:27:44 16 18
02,06,2019,14:28:44 5 28
02,06,2019,14:29:44 39 39
02,06,2019,14:30:44 15 28
02,06,2019,14:31:44 38 6
02,06,2019,14:32:44 30 25
02,06,2019,14:33:44 13 1
02,06,2019,14:34:44 23 40
02,06,2019,14:35:44 1 0
02,06,2019,14:36:44 17 16
02,06,2019,14:37:44 31 12
02,06,2019,14:38:44 33 0
02,06,2019,14:39:44 34 26
02,06,2019,14:40:44 32 27
02,06,2019,14:41:44 23 26
02,06,2019,14:42:44 1 35
02,06,2019,14:43:44 6 22
02,06,2019,14:44:44 9 18
02,06,2019,14:45:44 34 5
02,06,2019,14:46:44 17 26
02,06,2019,14:47:44 14 18
02,06,2019,14:48:44 40 36
02,06,2019,14:49:44 18 1
02,06,2019,14:50:44 12 4
02,06,2019,14:51:44 31 11
02,06,2019,14:52:44 19 31
02,06,2019,14:53:44 15 13
02,06,2019,14:54:44 1 20
02,06,2019,14:55:44 13 27
02,06,2019,14:56:44 17 40
02,06,2019,14:57:44 40 34
02,06,2019,14:58:44 28 34
02,06,2019,14:59:44 30 29
02,06,2019,15:00:44 36 6
02,06,2019,15:01:44 28 14
02,06,2019,15:02:44 36 12
02,06,2019,15:03:44 30 26
02,06,2019,15:04:44 27 24
02,06,2019,15:05:44 0 25
02,06,2019,15:06:44 5 0
02,06,2019,15:07:44 18 30
02,06,2019,15:08:44 0 37
02,06,2019,15:09:44 34 37
02,06,2019,15:10:44 19 9
02,06,2019,15:11:44 35 8
02,06,2019,15:12:44 9 11
02,06,2019,15:13:44 29 28
02,06,2019,15:14:44 1 19
02,06,2019,15:15:44 37 0
02,06,2019,15:16:44 2 31
02,06,2019,15:17:44 2 36
02,06,2019,15:18:44 3 37
02,06,2019,15:19:44 20 8
02,06,2019,15:20:44 2 37
02,06,2019,15:21:44 39 20
02,06,2019,15:22:44 35 16
02,06,2019,15:23:44 7 23
02,06,2019,15:24:44 21 9
02,06,2019,15:25:44 0 34
02,06,2019,15:26:44 10 5
02,06,2019,15:27:44 2 5
02,06,2019,15:28:44 30 28
02,06,2019,15:29:44 17 14
02,06,2019,15:30:44 4 16
02,06,2019,15:31:44 12 25
02,06,2019,15:32:44 37 2
02,06,2019,15:33:44 18 1
02,06,2019,15:34:44 33 4
02,06,2019,15:35:44 25 32
02,06,2019,15:36:44 34 17
02,06,2019,15:37:44 25 26
02,06,2019,15:38:44 18 9
02,06,2019,15:39:44 36 1
02,06,2019,15:40:44 40 2
02,06,2019,15:41:44 14 11
02,06,2019,15:42:44 11 3
02,06,2019,15:43:44 39 24
02,06,2019,15:44:44 21 23
02,06,2019,15:45:44 28 21
02,06,2019,15:46:44 14 1
02,06,2019,15:47:44 4 39
02,06,2019,15:48:44 32 33
02,06,2019,15:49:44 37 1
02,06,2019,15:50:44 11 22
02,06,2019,15:51:44 10 3
02,06,2019,15:52:44 6 29
02,06,2019,15:53:44 13 21
02,06,2019,15:54:44 1 38
02,06,2019,15:55:44 28 39
02,06,2019,15:56:44 10 18
02,06,2019,15:57:44 32 25
02,06,2019,15:58:44 36 38
02,06,2019,15:59:44 40 25
02,06,2019,16:00:44 13 7
02,06,2019,16:01:44 0 19
02,06,2019,16:02:44 4 39
02,06,2019,16:03:44 23 21
02,06,2019,16:04:44 7 31
02,06,2019,16:05:44 26 30
02,06,2019,16:06:44 29 7
02,06,2019,16:07:44 22 9
02,06,2019,16:08:44 12 32
02,06,2019,16:09:44 38 8
02,06,2019,16:10:44 31 22
02,06,2019,16:11:44 7 0
02,06,2019,16:12:44 21 38
02,06,2019,16:13:44 13 30
02,06,2019,16:14:44 38 22
02,06,2019,16:15:44 1 26
02,06,2019,16:16:44 22 25
02,06,2019,16:17:44 26 16
02,06,2019,16:18:44 7 11
02,06,2019,16:19:44 32 30
02,06,2019,16:20:44 16 29
02,06,2019,16:21:44 1 29
02,06,2019,16:22:44 36 39
02,06,2019,16:23:44 13 33
02,06,2019,16:24:44 16 37
02,06,2019,16:25:44 33 39
02,06,2019,16:26:44 40 34
02,06,2019,16:27:44 30 40
02,06,2019,16:28:44 33 16
02,06,2019,16:29:44 31 38
02,06,2019,16:30:44 28 14
02,06,2019,16:31:44 27 13
02,06,2019,16:32:44 8 15
02,06,2019,16:33:44 26 36
02,06,2019,16:34:44 13 26
02,06,2019,16:35:44 0 33
02,06,2019,16:36:44 5 22
02,06,2019,16:37:44 32 8
02,06,2019,16:38:44 1 14
02,06,2019,16:39:44 20 3
02,06,2019,16:40:44 22 1
02,06,2019,16:41:44 38 33
02,06,2019,16:42:44 8 14
02,06,2019,16:43:44 1 36
02,06,2019,16:44:44 14 5
02,06,2019,16:45:44 1 0
02,06,2019,16:46:44 0 25
02,06,2019,16:47:44 35 37
02,06,2019,16:48:44 17 37
02,06,2019,16:49:44 22 32
02,06,2019,16:50:44 30 21
02,06,2019,16:51:44 1 33
02,06,2019,16:52:44 19 9
02,06,2019,16:53:44 24 14
02,06,2019,16:54:44 21 4
02,06,2019,16:55:44 20 18
02,06,2019,16:56:44 4 19
02,06,2019,16:57:44 33 17
02,06,2019,16:58:44 35 20
02,06,2019,16:59:44 30 38
02,06,2019,17:00:44 36 29
02,06,2019,17:01:44 40 1
02,06,2019,17:02:44 2 13
02,06,2019,17:03:44 38 11
02,06,2019,17:04:44 3 33
02,06,2019,17:05:44 7 27
02,06,2019,17:06:44 8 29
02,06,2019,17:07:44 7 39
02,06,2019,17:08:44 3 10
02,06,2019,17:09:44 6 9
02,06,2019,17:10:44 26 10
02,06,2019,17:11:44 6 0
02,06,2019,17:12:44 9 35
02,06,2019,17:13:44 30 20
02,06,2019,17:14:44 32 9
02,06,2019,17:15:44 30 29
02,06,2019,17:16:44 19 24
02,06,2019,17:17:44 15 40
02,06,2019,17:18:44 33 38
02,06,2019,17:19:44 39 17
02,06,2019,17:20:44 26 36
02,06,2019,17:21:44 34 35
02,06,2019,17:22:44 24 15
02,06,2019,17:23:44 11 19
02,06,2019,17:24:44 12 40
02,06,2019,17:25:44 31 16
02,06,2019,17:26:44 17 9
02,06,2019,17:27:44 3 0
02,06,2019,17:28:44 31 9
02,06,2019,17:29:44 40 8
02,06,2019,17:30:44 7 15
02,06,2019,17:31:44 18 32
02,06,2019,17:32:44 39 33
02,06,2019,17:33:44 29 38
02,06,2019,17:34:44 16 35
02,06,2019,17:35:44 7 20
02,06,2019,17:36:44 4 39
02,06,2019,17:37:44 26 31
02,06,2019,17:38:44 8 5
02,06,2019,17:39:44 21 7
02,06,2019,17:40:44 8 1
02,06,2019,17:41:44 16 7
02,06,2019,17:42:44 16 4
02,06,2019,17:43:44 27 24
02,06,2019,17:44:44 4 32
02,06,2019,17:45:44 35 39
02,06,2019,17:46:44 31 12
02,06,2019,17:47:44 31 23
02,06,2019,17:48:44 35 2
02,06,2019,17:49:44 8 23
02,06,2019,17:50:44 27 36
02,06,2019,17:51:44 18 18
02,06,2019,17:52:44 18 38
02,06,2019,17:53:44 10 22
02,06,2019,17:54:44 10 31
02,06,2019,17:55:44 39 9
02,06,2019,17:56:44 6 28
02,06,2019,17:57:44 2 33
02,06,2019,17:58:44 29 13
02,06,2019,17:59:44 29 4
02,06,2019,18:00:44 27 32
02,06,2019,18:01:44 14 37
02,06,2019,18:02:44 18 15
02,06,2019,18:03:44 33 40
02,06,2019,18:04:44 19 18
02,06,2019,18:05:44 22 26
02,06,2019,18:06:44 4 23
02,06,2019,18:07:44 10 36
02,06,2019,18:08:44 9 7
02,06,2019,18:09:44 10 15
02,06,2019,18:10:44 23 25
02,06,2019,18:11:44 18 37
02,06,2019,18:12:44 33 7
02,06,2019,18:13:44 10 20
02,06,2019,18:14:44 15 21
02,06,2019,18:15:44 14 18
02,06,2019,18:16:44 28 27
02,06,2019,18:17:44 9 2
02,06,2019,18:18:44 16 5
02,06,2019,18:19:44 1 10
02,06,2019,18:20:44 2 1
02,06,2019,18:21:44 20 35
02,06,2019,18:22:44 36 20
02,06,2019,18:23:44 0 12
02,06,2019,18:24:44 21 9
02,06,2019,18:25:44 14 33
02,06,2019,18:26:44 25 4
02,06,2019,18:27:44 7 16
02,06,2019,18:28:44 9 7
02,06,2019,18:29:44 36 2
02,06,2019,18:30:44 11 12
02,06,2019,18:31:44 25 5
02,06,2019,18:32:44 29 36
02,06,2019,18:33:44 15 17
02,06,2019,18:34:44 17 30
02,06,2019,18:35:44 25 17
02,06,2019,18:36:44 17 28
02,06,2019,18:37:44 37 23
02,06,2019,18:38:44 32 20
02,06,2019,18:39:44 22 40
02,06,2019,18:40:44 39 37
02,06,2019,18:41:44 30 40
02,06,2019,18:42:44 19 11
02,06,2019,18:43:44 16 8
02,06,2019,18:44:44 10 4
02,06,2019,18:45:44 16 32
02,06,2019,18:46:44 35 10
02,06,2019,18:47:44 32 36
02,06,2019,18:48:44 1 17
02,06,2019,18:49:44 36 29
02,06,2019,18:50:44 2 24
02,06,2019,18:51:44 2 13
02,06,2019,18:52:44 33 24
02,06,2019,18:53:44 36 5
02,06,2019,18:54:44 7 36
02,06,2019,18:55:44 36 35
02,06,2019,18:56:44 21 2
02,06,2019,18:57:44 22 35
02,06,2019,18:58:44 34 36
02,06,2019,18:59:44 30 17
02,06,2019,19:00:44 38 38
02,06,2019,19:01:44 16 5
02,06,2019,19:02:44 7 4
02,06,2019,19:03:44 40 16
02,06,2019,19:04:44 35 16
02,06,2019,19:05:44 20 2
02,06,2019,19:06:44 16 9
02,06,2019,19:07:44 30 6
02,06,2019,19:08:44 13 29
02,06,2019,19:09:44 23 18
02,06,2019,19:10:44 15 34
02,06,2019,19:11:44 2 4
02,06,2019,19:12:44 18 25
02,06,2019,19:13:44 26 17
02,06,2019,19:14:44 19 31
02,06,2019,19:15:44 37 22
02,06,2019,19:16:44 20 38
02,06,2019,19:17:44 39 22
02,06,2019,19:18:44 13 40
02,06,2019,19:19:44 21 11
02,06,2019,19:20:44 1 6
02,06,2019,19:21:44 38 14
02,06,2019,19:22:44 36 0
02,06,2019,19:23:44 8 31
02,06,2019,19:24:44 18 36
02,06,2019,19:25:44 29 9
02,06,2019,19:26:44 6 4
02,06,2019,19:27:44 36 24
02,06,2019,19:28:44 4 19
02,06,2019,19:29:44 5 0
02,06,2019,19:30:44 0 35
02,06,2019,19:31:44 30 16
02,06,2019,19:32:44 1 33
02,06,2019,19:33:44 4 10
02,06,2019,19:34:44 13 15
02,06,2019,19:35:44 9 3
02,06,2019,19:36:44 40 37
02,06,2019,19:37:44 33 7
02,06,2019,19:38:44 6 21
02,06,2019,19:39:44 35 33
02,06,2019,19:40:44 2 38
02,06,2019,19:41:44 32 36
02,06,2019,19:42:44 8 25
02,06,2019,19:43:44 21 15
02,06,2019,19:44:44 4 25
02,06,2019,19:45:44 34 31
02,06,2019,19:46:44 0 21
02,06,2019,19:47:44 36 2
02,06,2019,19:48:44 15 22
02,06,2019,19:49:44 24 30
02,06,2019,19:50:44 7 38
02,06,2019,19:51:44 39 39
02,06,2019,19:52:44 4 3
02,06,2019,19:53:44 27 12
02,06,2019,19:54:44 10 8
02,06,2019,19:55:44 22 15
02,06,2019,19:56:44 29 8
02,06,2019,19:57:44 14 21
02,06,2019,19:58:44 13 26
02,06,2019,19:59:44 4 6
02,06,2019,20:00:44 37 18
02,06,2019,20:01:44 13 26
02,06,2019,20:02:44 26 29
02,06,2019,20:03:44 16 21
02,06,2019,20:04:44 10 7
02,06,2019,20:05:44 20 10
02,06,2019,20:06:44 14 35
02,06,2019,20:07:44 19 12
02,06,2019,20:08:44 37 38
02,06,2019,20:09:44 36 11
02,06,2019,20:10:44 4 25
02,06,2019,20:11:44 6 15
02,06,2019,20:12:44 1 8
02,06,2019,20:13:44 35 6
02,06,2019,20:14:44 17 19
02,06,2019,20:15:44 23 3
02,06,2019,20:16:44 14 15
02,06,2019,20:17:44 2 39
02,06,2019,20:18:44 38 40
02,06,2019,20:19:44 10 34
02,06,2019,20:20:44 7 34
02,06,2019,20:21:44 4 2
02,06,2019,20:22:44 12 2
02,06,2019,20:23:44 20 24
02,06,2019,20:24:44 20 21
02,06,2019,20:25:44 17 36
02,06,2019,20:26:44 7 26
02,06,2019,20:27:44 32 32
02,06,2019,20:28:44 1 5
02,06,2019,20:29:44 32 4
02,06,2019,20:30:44 9 19
02,06,2019,20:31:44 10 4
02,06,2019,20:32:44 11 32
02,06,2019,20:33:44 37 25
02,06,2019,20:34:44 19 9
02,06,2019,20:35:44 20 15
02,06,2019,20:36:44 17 1
02,06,2019,20:37:44 38 26
02,06,2019,20:38:44 32 26
02,06,2019,20:39:44 20 26
02,06,2019,20:40:44 33 6
02,06,2019,20:41:44 20 13
02,06,2019,20:42:44 11 40
02,06,2019,20:43:44 10 6
02,06,2019,20:44:44 7 20
02,06,2019,20:45:44 22 8
02,06,2019,20:46:44 40 25
02,06,2019,20:47:44 5 36
02,06,2019,20:48:44 0 27
02,06,2019,20:49:44 5 32
02,06,2019,20:50:44 32 24
02,06,2019,20:51:44 8 16
02,06,2019,20:52:44 28 11
02,06,2019,20:53:44 2 0
02,06,2019,20:54:44 6 21
02,06,2019,20:55:44 26 9
02,06,2019,20:56:44 13 39
02,06,2019,20:57:44 34 12
02,06,2019,20:58:44 39 26
02,06,2019,20:59:44 40 22
02,06,2019,21:00:44 35 18
02,06,2019,21:01:44 3 28
02,06,2019,21:02:44 25 10
02,06,2019,21:03:44 7 19
02,06,2019,21:04:44 20 26
02,06,2019,21:05:44 39 16
02,06,2019,21:06:44 7 31
02,06,2019,21:07:44 30 10
02,06,2019,21:08:44 34 33
02,06,2019,21:09:44 23 21
02,06,2019,21:10:44 26 16
02,06,2019,21:11:44 24 3
02,06,2019,21:12:44 9 28
02,06,2019,21:13:44 4 11
02,06,2019,21:14:44 38 35
02,06,2019,21:15:44 21 16
02,06,2019,21:16:44 25 20
02,06,2019,21:17:44 14 0
02,06,2019,21:18:44 3 22
02,06,2019,21:19:44 36 21
02,06,2019,21:20:44 9 31
02,06,2019,21:21:44 19 14
02,06,2019,21:22:44 38 0
02,06,2019,21:23:44 28 35
02,06,2019,21:24:44 3 19
02,06,2019,21:25:44 15 25
02,06,2019,21:26:44 37 18
02,06,2019,21:27:44 25 26
02,06,2019,21:28:44 36 27
02,06,2019,21:29:44 38 10
02,06,2019,21:30:44 32 35
02,06,2019,21:31:44 38 19
02,06,2019,21:32:44 39 30
02,06,2019,21:33:44 13 23
02,06,2019,21:34:44 17 10
02,06,2019,21:35:44 31 28
02,06,2019,21:36:44 14 18
02,06,2019,21:37:44 0 11
02,06,2019,21:38:44 6 34
02,06,2019,21:39:44 32 21
02,06,2019,21:40:44 23 33
02,06,2019,21:41:44 18 29
02,06,2019,21:42:44 11 19
02,06,2019,21:43:44 34 14
02,06,2019,21:44:44 6 38
02,06,2019,21:45:44 26 39
02,06,2019,21:46:44 9 16
02,06,2019,21:47:44 8 1
02,06,2019,21:48:44 14 38
02,06,2019,21:49:44 3 11
02,06,2019,21:50:44 2 21
02,06,2019,21:51:44 22 14
02,06,2019,21:52:44 11 16
02,06,2019,21:53:44 27 24
02,06,2019,21:54:44 14 23
02,06,2019,21:55:44 17 27
02,06,2019,21:56:44 5 20
02,06,2019,21:57:44 26 32
02,06,2019,21:58:44 28 24
02,06,2019,21:59:44 3 12
02,06,2019,22:00:44 7 2
02,06,2019,22:01:44 23 11
02,06,2019,22:02:44 15 20
02,06,2019,22:03:44 39 38
02,06,2019,22:04:44 11 16
02,06,2019,22:05:44 13 27
02,06,2019,22:06:44 2 27
02,06,2019,22:07:44 32 34
02,06,2019,22:08:44 5 31
02,06,2019,22:09:44 38 28
02,06,2019,22:10:44 34 4
02,06,2019,22:11:44 35 36
02,06,2019,22:12:44 30 16
02,06,2019,22:13:44 9 3
02,06,2019,22:14:44 4 14
02,06,2019,22:15:44 35 39
02,06,2019,22:16:44 8 21
02,06,2019,22:17:44 39 7
02,06,2019,22:18:44 1 36
02,06,2019,22:19:44 39 28
02,06,2019,22:20:44 6 18
02,06,2019,22:21:44 18 34
02,06,2019,22:22:44 29 26
02,06,2019,22:23:44 21 15
02,06,2019,22:24:44 18 9
02,06,2019,22:25:44 34 30
02,06,2019,22:26:44 10 40
02,06,2019,22:27:44 26 10
02,06,2019,22:28:44 2 3
02,06,2019,22:29:44 10 1
02,06,2019,22:30:44 33 14
02,06,2019,22:31:44 20 4
02,06,2019,22:32:44 30 34
02,06,2019,22:33:44 20 6
02,06,2019,22:34:44 33 22
02,06,2019,22:35:44 25 32
02,06,2019,22:36:44 18 3
02,06,2019,22:37:44 36 20
02,06,2019,22:38:44 29 4
02,06,2019,22:39:44 12 32
02,06,2019,22:40:44 38 9
02,06,2019,22:41:44 17 39
02,06,2019,22:42:44 26 32
02,06,2019,22:43:44 1 24
02,06,2019,22:44:44 35 22
02,06,2019,22:45:44 15 17
02,06,2019,22:46:44 31 12
02,06,2019,22:47:44 20 1
02,06,2019,22:48:44 1 40
02,06,2019,22:49:44 10 27
02,06,2019,22:50:44 40 2
02,06,2019,22:51:44 11 2
02,06,2019,22:52:44 9 33
02,06,2019,22:53:44 2 3
02,06,2019,22:54:44 3 30
02,06,2019,22:55:44 21 37
02,06,2019,22:56:44 38 7
02,06,2019,22:57:44 29 5
02,06,2019,22:58:44 8 7
02,06,2019,22:59:44 14 6
02,06,2019,23:00:44 27 13
02,06,2019,23:01:44 13 5
02,06,2019,23:02:44 17 18
02,06,2019,23:03:44 37 7
02,06,2019,23:04:44 13 20
02,06,2019,23:05:44 22 40
02,06,2019,23:06:44 26 10
02,06,2019,23:07:44 40 27
02,06,2019,23:08:44 2 23
02,06,2019,23:09:44 1 10
02,06,2019,23:10:44 25 0
02,06,2019,23:11:44 39 16
02,06,2019,23:12:44 7 3
02,06,2019,23:13:44 16 36
02,06,2019,23:14:44 23 4
02,06,2019,23:15:44 8 19
02,06,2019,23:16:44 27 3
02,06,2019,23:17:44 4 18
02,06,2019,23:18:44 37 33
02,06,2019,23:19:44 8 32
02,06,2019,23:20:44 1 5
02,06,2019,23:21:44 32 25
02,06,2019,23:22:44 4 24
02,06,2019,23:23:44 14 8
02,06,2019,23:24:44 29 19
02,06,2019,23:25:44 21 8
02,06,2019,23:26:44 37 35
02,06,2019,23:27:44 27 39
02,06,2019,23:28:44 6 2
02,06,2019,23:29:44 35 30
02,06,2019,23:30:44 26 5
02,06,2019,23:31:44 9 6
02,06,2019,23:32:44 18 30
02,06,2019,23:33:44 0 24
02,06,2019,23:34:44 2 9
02,06,2019,23:35:44 27 20
02,06,2019,23:36:44 18 37
02,06,2019,23:37:44 38 5
02,06,2019,23:38:44 32 35
02,06,2019,23:39:44 17 10
02,06,2019,23:40:44 6 33
02,06,2019,23:41:44 37 30
02,06,2019,23:42:44 17 38
02,06,2019,23:43:44 16 36
02,06,2019,23:44:44 18 21
02,06,2019,23:45:44 8 22
02,06,2019,23:46:44 31 21
02,06,2019,23:47:44 27 29
02,06,2019,23:48:44 0 9
02,06,2019,23:49:44 2 30
02,06,2019,23:50:44 38 14
02,06,2019,23:51:44 21 35
02,06,2019,23:52:44 5 37
02,06,2019,23:53:44 34 15
02,06,2019,23:54:44 32 14
02,06,2019,23:55:44 11 33
02,06,2019,23:56:44 4 18
02,06,2019,23:57:44 27 17
02,06,2019,23:58:44 16 32
02,06,2019,23:59:44 7 1
03,06,2019,00:00:44 32 26
03,06,2019,00:01:44 20 21
03,06,2019,00:02:44 6 29
03,06,2019,00:03:44 30 7
03,06,2019,00:04:44 25 9
03,06,2019,00:05:44 29 30
03,06,2019,00:06:44 3 3
03,06,2019,00:07:44 34 26
03,06,2019,00:08:44 25 40
03,06,2019,00:09:44 30 26
03,06,2019,00:10:44 19 10
03,06,2019,00:11:44 23 1
03,06,2019,00:12:44 22 30
03,06,2019,00:13:44 28 30
03,06,2019,00:14:44 9 15
03,06,2019,00:15:44 40 19
03,06,2019,00:16:44 22 6
03,06,2019,00:17:44 27 6
03,06,2019,00:18:44 2 10
03,06,2019,00:19:44 1 34
03,06,2019,00:20:44 31 27
03,06,2019,00:21:44 40 21
03,06,2019,00:22:44 31 18
03,06,2019,00:23:44 4 22
03,06,2019,00:24:44 11 9
03,06,2019,00:25:44 38 22
03,06,2019,00:26:44 2 1
03,06,2019,00:27:44 35 4
03,06,2019,00:28:44 40 19
03,06,2019,00:29:44 19 12
03,06,2019,00:30:44 23 40
03,06,2019,00:31:44 14 24
03,06,2019,00:32:44 20 25
03,06,2019,00:33:44 14 2
03,06,2019,00:34:44 9 1
03,06,2019,00:35:44 18 24
03,06,2019,00:36:44 39 13
03,06,2019,00:37:44 35 11
03,06,2019,00:38:44 10 26
03,06,2019,00:39:44 4 34
03,06,2019,00:40:44 3 18
03,06,2019,00:41:44 3 10
03,06,2019,00:42:44 26 39
03,06,2019,00:43:44 15 4
03,06,2019,00:44:44 30 18
03,06,2019,00:45:44 20 34
03,06,2019,00:46:44 0 2
03,06,2019,00:47:44 39 4
03,06,2019,00:48:44 14 15
03,06,2019,00:49:44 25 26
03,06,2019,00:50:44 8 32
03,06,2019,00:51:44 40 12
03,06,2019,00:52:44 13 11
03,06,2019,00:53:44 12 3
03,06,2019,00:54:44 22 13
03,06,2019,00:55:44 26 15
03,06,2019,00:56:44 37 31
03,06,2019,00:57:44 7 8
03,06,2019,00:58:44 5 8
03,06,2019,00:59:44 18 6
03,06,2019,01:00:44 37 24
03,06,2019,01:01:44 14 39
03,06,2019,01:02:44 34 3
03,06,2019,01:03:44 17 4
03,06,2019,01:04:44 31 27
03,06,2019,01:05:44 25 20
03,06,2019,01:06:44 34 40
03,06,2019,01:07:44 32 34
03,06,2019,01:08:44 36 9
03,06,2019,01:09:44 31 5
03,06,2019,01:10:44 34 34
03,06,2019,01:11:44 33 37
03,06,2019,01:12:44 11 30
03,06,2019,01:13:44 26 8
03,06,2019,01:14:44 2 26
03,06,2019,01:15:44 14 9
03,06,2019,01:16:44 28 21
03,06,2019,01:17:44 5 34
03,06,2019,01:18:44 29 2
03,06,2019,01:19:44 34 8
03,06,2019,01:20:44 29 21
03,06,2019,01:21:44 27 38
03,06,2019,01:22:44 20 35
03,06,2019,01:23:44 26 36
03,06,2019,01:24:44 30 28
03,06,2019,01:25:44 3 9
03,06,2019,01:26:44 23 25
03,06,2019,01:27:44 32 20
03,06,2019,01:28:44 11 18
03,06,2019,01:29:44 18 3
03,06,2019,01:30:44 32 2
03,06,2019,01:31:44 29 35
03,06,2019,01:32:44 40 16
03,06,2019,01:33:44 15 26
03,06,2019,01:34:44 24 23
03,06,2019,01:35:44 37 10
03,06,2019,01:36:44 1 18
03,06,2019,01:37:44 17 39
03,06,2019,01:38:44 29 6
03,06,2019,01:39:44 30 34
03,06,2019,01:40:44 12 12
03,06,2019,01:41:44 18 32
03,06,2019,01:42:44 19 17
03,06,2019,01:43:44 22 39
03,06,2019,01:44:44 28 21
03,06,2019,01:45:44 40 30
03,06,2019,01:46:44 26 40
03,06,2019,01:47:44 4 31
03,06,2019,01:48:44 13 10
03,06,2019,01:49:44 18 0
03,06,2019,01:50:44 22 36
03,06,2019,01:51:44 1 28
03,06,2019,01:52:44 12 4
03,06,2019,01:53:44 34 19
03,06,2019,01:54:44 28 25
03,06,2019,01:55:44 5 11
03,06,2019,01:56:44 31 6
03,06,2019,01:57:44 36 24
03,06,2019,01:58:44 3 32
03,06,2019,01:59:44 1 18
03,06,2019,02:00:44 21 7
03,06,2019,02:01:44 19 40
03,06,2019,02:02:44 39 27
03,06,2019,02:03:44 12 34
03,06,2019,02:04:44 33 15
03,06,2019,02:05:44 12 1
03,06,2019,02:06:44 25 15
03,06,2019,02:07:44 28 39
03,06,2019,02:08:44 12 29
03,06,2019,02:09:44 0 24
03,06,2019,02:10:44 22 16
03,06,2019,02:11:44 39 20
03,06,2019,02:12:44 21 7
03,06,2019,02:13:44 28 5
03,06,2019,02:14:44 36 12
03,06,2019,02:15:44 4 1
03,06,2019,02:16:44 38 15
03,06,2019,02:17:44 0 28
03,06,2019,02:18:44 40 22
03,06,2019,02:19:44 20 14
03,06,2019,02:20:44 28 25
03,06,2019,02:21:44 9 1
03,06,2019,02:22:44 16 13
03,06,2019,02:23:44 21 18
03,06,2019,02:24:44 23 24
03,06,2019,02:25:44 7 27
03,06,2019,02:26:44 1 22
03,06,2019,02:27:44 32 33
03,06,2019,02:28:44 13 25
03,06,2019,02:29:44 24 1
03,06,2019,02:30:44 1 15
03,06,2019,02:31:44 39 19
03,06,2019,02:32:44 16 15
03,06,2019,02:33:44 23 12
03,06,2019,02:34:44 33 27
03,06,2019,02:35:44 11 1
03,06,2019,02:36:44 19 18
03,06,2019,02:37:44 22 38
03,06,2019,02:38:44 0 30
03,06,2019,02:39:44 9 34
03,06,2019,02:40:44 39 38
03,06,2019,02:41:44 6 38
03,06,2019,02:42:44 11 10
03,06,2019,02:43:44 16 2
03,06,2019,02:44:44 40 7
03,06,2019,02:45:44 21 19
03,06,2019,02:46:44 17 21
03,06,2019,02:47:44 30 1
03,06,2019,02:48:44 12 39
03,06,2019,02:49:44 14 25
03,06,2019,02:50:44 34 12
03,06,2019,02:51:44 31 3
03,06,2019,02:52:44 35 4
03,06,2019,02:53:44 10 40
03,06,2019,02:54:44 13 24
03,06,2019,02:55:44 16 10
03,06,2019,02:56:44 37 37
03,06,2019,02:57:44 5 26
03,06,2019,02:58:44 36 35
03,06,2019,02:59:44 22 5
03,06,2019,03:00:44 33 5
03,06,2019,03:01:44 22 3
03,06,2019,03:02:44 1 3
03,06,2019,03:03:44 31 33
03,06,2019,03:04:44 12 15
03,06,2019,03:05:44 28 21
03,06,2019,03:06:44 38 30
03,06,2019,03:07:44 18 5
03,06,2019,03:08:44 6 34
03,06,2019,03:09:44 11 32
03,06,2019,03:10:44 12 0
03,06,2019,03:11:44 4 25
03,06,2019,03:12:44 4 28
03,06,2019,03:13:44 30 4
03,06,2019,03:14:44 17 17
03,06,2019,03:15:44 39 21
03,06,2019,03:16:44 3 34
03,06,2019,03:17:44 4 26
03,06,2019,03:18:44 31 12
03,06,2019,03:19:44 26 15
03,06,2019,03:20:44 2 19
03,06,2019,03:21:44 4 16
03,06,2019,03:22:44 31 29
03,06,2019,03:23:44 3 24
03,06,2019,03:24:44 17 32
03,06,2019,03:25:44 29 21
03,06,2019,03:26:44 16 23
03,06,2019,03:27:44 40 20
03,06,2019,03:28:44 21 39
03,06,2019,03:29:44 17 2
03,06,2019,03:30:44 20 26
03,06,2019,03:31:44 1 36
03,06,2019,03:32:44 20 27
03,06,2019,03:33:44 30 27
03,06,2019,03:34:44 19 30
03,06,2019,03:35:44 24 12
03,06,2019,03:36:44 28 13
03,06,2019,03:37:44 13 14
03,06,2019,03:38:44 15 24
03,06,2019,03:39:44 27 37
03,06,2019,03:40:44 3 28
03,06,2019,03:41:44 35 7
03,06,2019,03:42:44 21 30
03,06,2019,03:43:44 13 9
03,06,2019,03:44:44 24 38
03,06,2019,03:45:44 4 40
03,06,2019,03:46:44 4 14
03,06,2019,03:47:44 28 32
03,06,2019,03:48:44 16 33
03,06,2019,03:49:44 14 7
03,06,2019,03:50:44 0 40
03,06,2019,03:51:44 5 37
03,06,2019,03:52:44 4 0
03,06,2019,03:53:44 9 23
03,06,2019,03:54:44 40 7
03,06,2019,03:55:44 22 34
03,06,2019,03:56:44 21 22
03,06,2019,03:57:44 34 8
03,06,2019,03:58:44 39 26
03,06,2019,03:59:44 37 23
03,06,2019,04:00:44 35 38
03,06,2019,04:01:44 37 26
03,06,2019,04:02:44 10 6
03,06,2019,04:03:44 19 18
03,06,2019,04:04:44 4 35
03,06,2019,04:05:44 11 8
03,06,2019,04:06:44 6 20
03,06,2019,04:07:44 14 13
03,06,2019,04:08:44 34 20
03,06,2019,04:09:44 37 32
03,06,2019,04:10:44 20 14
03,06,2019,04:11:44 35 27
03,06,2019,04:12:44 22 11
03,06,2019,04:13:44 24 12
03,06,2019,04:14:44 10 25
03,06,2019,04:15:44 13 37
03,06,2019,04:16:44 33 3
03,06,2019,04:17:44 7 4
03,06,2019,04:18:44 3 15
03,06,2019,04:19:44 9 27
03,06,2019,04:20:44 38 28
03,06,2019,04:21:44 38 9
03,06,2019,04:22:44 24 1
03,06,2019,04:23:44 7 18
03,06,2019,04:24:44 24 39
03,06,2019,04:25:44 13 4
03,06,2019,04:26:44 34 17
03,06,2019,04:27:44 16 18
03,06,2019,04:28:44 9 8
03,06,2019,04:29:44 39 36
03,06,2019,04:30:44 38 35
03,06,2019,04:31:44 17 8
03,06,2019,04:32:44 7 0
03,06,2019,04:33:44 38 5
03,06,2019,04:34:44 35 24
03,06,2019,04:35:44 1 34
03,06,2019,04:36:44 11 37
03,06,2019,04:37:44 19 36
03,06,2019,04:38:44 28 12
03,06,2019,04:39:44 25 34
03,06,2019,04:40:44 19 9
03,06,2019,04:41:44 9 13
03,06,2019,04:42:44 27 8
03,06,2019,04:43:44 11 16
03,06,2019,04:44:44 9 29
03,06,2019,04:45:44 1 1
03,06,2019,04:46:44 8 15
03,06,2019,04:47:44 33 37
03,06,2019,04:48:44 37 37
03,06,2019,04:49:44 23 8
03,06,2019,04:50:44 29 18
03,06,2019,04:51:44 28 23
03,06,2019,04:52:44 34 6
03,06,2019,04:53:44 39 15
03,06,2019,04:54:44 10 27
03,06,2019,04:55:44 18 40
03,06,2019,04:56:44 12 20
03,06,2019,04:57:44 36 40
03,06,2019,04:58:44 37 1
03,06,2019,04:59:44 24 21
03,06,2019,05:00:44 14 9
03,06,2019,05:01:44 13 30
03,06,2019,05:02:44 39 36
03,06,2019,05:03:44 11 12
03,06,2019,05:04:44 17 21
03,06,2019,05:05:44 21 24
03,06,2019,05:06:44 11 39
03,06,2019,05:07:44 25 37
03,06,2019,05:08:44 26 32
03,06,2019,05:09:44 7 1
03,06,2019,05:10:44 32 7
03,06,2019,05:11:44 16 32
03,06,2019,05:12:44 34 40
03,06,2019,05:13:44 3 36
03,06,2019,05:14:44 13 21
03,06,2019,05:15:44 34 15
03,06,2019,05:16:44 18 22
03,06,2019,05:17:44 40 39
03,06,2019,05:18:44 5 3
03,06,2019,05:19:44 33 19
03,06,2019,05:20:44 10 32
03,06,2019,05:21:44 8 39
03,06,2019,05:22:44 26 6
03,06,2019,05:23:44 10 39
03,06,2019,05:24:44 10 39
03,06,2019,05:25:44 14 11
03,06,2019,05:26:44 27 25
03,06,2019,05:27:44 5 20
03,06,2019,05:28:44 8 15
03,06,2019,05:29:44 32 26
03,06,2019,05:30:44 23 17
03,06,2019,05:31:44 6 37
03,06,2019,05:32:44 24 28
03,06,2019,05:33:44 6 5
03,06,2019,05:34:44 22 15
03,06,2019,05:35:44 1 0
03,06,2019,05:36:44 6 37
03,06,2019,05:37:44 21 26
03,06,2019,05:38:44 19 13
03,06,2019,05:39:44 7 8
03,06,2019,05:40:44 25 17
03,06,2019,05:41:44 23 5
03,06,2019,05:42:44 10 15
03,06,2019,05:43:44 18 14
03,06,2019,05:44:44 32 30
03,06,2019,05:45:44 19 31
03,06,2019,05:46:44 30 31
03,06,2019,05:47:44 29 21
03,06,2019,05:48:44 35 38
03,06,2019,05:49:44 18 4
03,06,2019,05:50:44 2 33
03,06,2019,05:51:44 20 20
03,06,2019,05:52:44 0 40
03,06,2019,05:53:44 31 35
03,06,2019,05:54:44 14 1
03,06,2019,05:55:44 7 18
03,06,2019,05:56:44 29 12
03,06,2019,05:57:44 37 28
03,06,2019,05:58:44 37 29
03,06,2019,05:59:44 40 14
03,06,2019,06:00:44 8 27
03,06,2019,06:01:44 11 34
03,06,2019,06:02:44 9 14
03,06,2019,06:03:44 6 17
03,06,2019,06:04:44 27 37
03,06,2019,06:05:44 33 1
03,06,2019,06:06:44 0 17
03,06,2019,06:07:44 33 37
03,06,2019,06:08:44 38 32
03,06,2019,06:09:44 25 22
03,06,2019,06:10:44 28 17
03,06,2019,06:11:44 14 39
03,06,2019,06:12:44 17 37
03,06,2019,06:13:44 23 20
03,06,2019,06:14:44 18 21
03,06,2019,06:15:44 33 9
03,06,2019,06:16:44 30 38
03,06,2019,06:17:44 14 7
03,06,2019,06:18:44 37 9
03,06,2019,06:19:44 16 10
03,06,2019,06:20:44 32 25
03,06,2019,06:21:44 10 19
03,06,2019,06:22:44 10 3
03,06,2019,06:23:44 9 17
03,06,2019,06:24:44 9 19
03,06,2019,06:25:44 13 29
03,06,2019,06:26:44 35 0
03,06,2019,06:27:44 18 6
03,06,2019,06:28:44 5 29
03,06,2019,06:29:44 37 20
03,06,2019,06:30:44 33 34
03,06,2019,06:31:44 6 32
03,06,2019,06:32:44 32 11
03,06,2019,06:33:44 29 37
03,06,2019,06:34:44 4 28
03,06,2019,06:35:44 19 7
03,06,2019,06:36:44 14 7
03,06,2019,06:37:44 20 39
03,06,2019,06:38:44 31 30
03,06,2019,06:39:44 27 14
03,06,2019,06:40:44 32 17
03,06,2019,06:41:44 19 35
03,06,2019,06:42:44 17 36
03,06,2019,06:43:44 10 17
03,06,2019,06:44:44 30 22
03,06,2019,06:45:44 12 33
03,06,2019,06:46:44 15 32
03,06,2019,06:47:44 2 10
03,06,2019,06:48:44 9 22
03,06,2019,06:49:44 20 34
03,06,2019,06:50:44 40 21
03,06,2019,06:51:44 36 13
03,06,2019,06:52:44 16 17
03,06,2019,06:53:44 0 17
03,06,2019,06:54:44 27 26
03,06,2019,06:55:44 11 22
03,06,2019,06:56:44 30 29
03,06,2019,06:57:44 13 1
03,06,2019,06:58:44 12 5
03,06,2019,06:59:44 21 5
03,06,2019,07:00:44 1 25
03,06,2019,07:01:44 3 36
03,06,2019,07:02:44 17 30
03,06,2019,07:03:44 13 31
03,06,2019,07:04:44 4 31
03,06,2019,07:05:44 9 9
03,06,2019,07:06:44 19 18
03,06,2019,07:07:44 39 36
03,06,2019,07:08:44 3 27
03,06,2019,07:09:44 35 26
03,06,2019,07:10:44 36 30
03,06,2019,07:11:44 16 18
03,06,2019,07:12:44 22 23
03,06,2019,07:13:44 22 12
03,06,2019,07:14:44 29 26
03,06,2019,07:15:44 37 2
03,06,2019,07:16:44 21 4
03,06,2019,07:17:44 25 36
03,06,2019,07:18:44 32 2
03,06,2019,07:19:44 29 33
03,06,2019,07:20:44 20 22
03,06,2019,07:21:44 36 16
03,06,2019,07:22:44 30 0
03,06,2019,07:23:44 40 34
03,06,2019,07:24:44 1 26
03,06,2019,07:25:44 13 6
03,06,2019,07:26:44 11 12
03,06,2019,07:27:44 12 22
03,06,2019,07:28:44 21 39
03,06,2019,07:29:44 12 28
03,06,2019,07:30:44 18 32
03,06,2019,07:31:44 18 14
03,06,2019,07:32:44 34 2
03,06,2019,07:33:44 32 4
03,06,2019,07:34:44 29 21
03,06,2019,07:35:44 12 21
03,06,2019,07:36:44 10 8
03,06,2019,07:37:44 36 17
03,06,2019,07:38:44 20 40
03,06,2019,07:39:44 17 28
03,06,2019,07:40:44 36 25
03,06,2019,07:41:44 31 39
03,06,2019,07:42:44 14 21
03,06,2019,07:43:44 13 35
03,06,2019,07:44:44 33 37
03,06,2019,07:45:44 14 35
03,06,2019,07:46:44 17 0
03,06,2019,07:47:44 23 7
03,06,2019,07:48:44 39 37
03,06,2019,07:49:44 39 5
03,06,2019,07:50:44 7 3
03,06,2019,07:51:44 0 35
03,06,2019,07:52:44 22 0
03,06,2019,07:53:44 1 7
03,06,2019,07:54:44 1 28
03,06,2019,07:55:44 29 27
03,06,2019,07:56:44 35 30
03,06,2019,07:57:44 31 19
03,06,2019,07:58:44 6 10
03,06,2019,07:59:44 40 38
03,06,2019,08:00:44 33 26
03,06,2019,08:01:44 2 31
03,06,2019,08:02:44 4 38
03,06,2019,08:03:44 34 9
03,06,2019,08:04:44 19 11
03,06,2019,08:05:44 3 9
03,06,2019,08:06:44 13 40
03,06,2019,08:07:44 40 19
03,06,2019,08:08:44 9 24
03,06,2019,08:09:44 23 29
03,06,2019,08:10:44 40 5
03,06,2019,08:11:44 27 28
03,06,2019,08:12:44 34 38
03,06,2019,08:13:44 20 26
03,06,2019,08:14:44 11 13
03,06,2019,08:15:44 38 28
03,06,2019,08:16:44 24 10
03,06,2019,08:17:44 22 25
03,06,2019,08:18:44 13 11
03,06,2019,08:19:44 19 17
03,06,2019,08:20:44 23 3
03,06,2019,08:21:44 24 19
03,06,2019,08:22:44 8 28
03,06,2019,08:23:44 22 34
03,06,2019,08:24:44 1 0
03,06,2019,08:25:44 37 31
03,06,2019,08:26:44 22 37
03,06,2019,08:27:44 18 36
03,06,2019,08:28:44 19 31
03,06,2019,08:29:44 6 15
03,06,2019,08:30:44 11 2
03,06,2019,08:31:44 15 22
03,06,2019,08:32:44 30 1
03,06,2019,08:33:44 14 27
03,06,2019,08:34:44 33 30
03,06,2019,08:35:44 3 26
03,06,2019,08:36:44 9 21
03,06,2019,08:37:44 15 33
03,06,2019,08:38:44 12 24
03,06,2019,08:39:44 35 18
03,06,2019,08:40:44 27 14
03,06,2019,08:41:44 39 6
03,06,2019,08:42:44 31 30
03,06,2019,08:43:44 26 6
03,06,2019,08:44:44 35 5
03,06,2019,08:45:44 34 24
03,06,2019,08:46:44 14 27
03,06,2019,08:47:44 33 3
03,06,2019,08:48:44 33 40
03,06,2019,08:49:44 30 26
03,06,2019,08:50:44 14 21
03,06,2019,08:51:44 1 10
03,06,2019,08:52:44 5 21
03,06,2019,08:53:44 5 12
03,06,2019,08:54:44 15 17
03,06,2019,08:55:44 17 14
03,06,2019,08:56:44 9 14
03,06,2019,08:57:44 28 21
03,06,2019,08:58:44 17 34
03,06,2019,08:59:44 6 33
03,06,2019,09:00:44 13 22
03,06,2019,09:01:44 37 12
03,06,2019,09:02:44 4 29
03,06,2019,09:03:44 39 24
03,06,2019,09:04:44 8 26
03,06,2019,09:05:44 6 32
03,06,2019,09:06:44 30 34
03,06,2019,09:07:44 11 32
03,06,2019,09:08:44 2 29
03,06,2019,09:09:44 23 2
03,06,2019,09:10:44 2 32
03,06,2019,09:11:44 18 39
03,06,2019,09:12:44 27 24
03,06,2019,09:13:44 14 5
03,06,2019,09:14:44 26 2
03,06,2019,09:15:44 13 16
03,06,2019,09:16:44 34 23
03,06,2019,09:17:44 40 25
03,06,2019,09:18:44 1 16
03,06,2019,09:19:44 26 29
03,06,2019,09:20:44 16 5
03,06,2019,09:21:44 16 17
03,06,2019,09:22:44 29 17
03,06,2019,09:23:44 23 11
03,06,2019,09:24:44 2 12
03,06,2019,09:25:44 38 10
03,06,2019,09:26:44 12 37
03,06,2019,09:27:44 10 0
03,06,2019,09:28:44 24 25
03,06,2019,09:29:44 33 32
03,06,2019,09:30:44 24 15
03,06,2019,09:31:44 16 17
03,06,2019,09:32:44 11 11
03,06,2019,09:33:44 6 15
03,06,2019,09:34:44 13 19
03,06,2019,09:35:44 23 31
03,06,2019,09:36:44 14 4
03,06,2019,09:37:44 17 25
03,06,2019,09:38:44 39 11
03,06,2019,09:39:44 15 35
03,06,2019,09:40:44 3 24
03,06,2019,09:41:44 26 30
03,06,2019,09:42:44 1 26
03,06,2019,09:43:44 18 25
03,06,2019,09:44:44 2 3
03,06,2019,09:45:44 18 5
03,06,2019,09:46:44 38 36
03,06,2019,09:47:44 17 17
03,06,2019,09:48:44 8 36
03,06,2019,09:49:44 25 0
03,06,2019,09:50:44 39 0
03,06,2019,09:51:44 7 2
03,06,2019,09:52:44 21 3
03,06,2019,09:53:44 36 31
03,06,2019,09:54:44 21 37
03,06,2019,09:55:44 17 0
03,06,2019,09:56:44 21 5
03,06,2019,09:57:44 18 27
03,06,2019,09:58:44 28 21
03,06,2019,09:59:44 37 8
03,06,2019,10:00:44 29 32
03,06,2019,10:01:44 3 33
03,06,2019,10:02:44 4 24
03,06,2019,10:03:44 26 8
03,06,2019,10:04:44 38 23
03,06,2019,10:05:44 4 34
03,06,2019,10:06:44 13 37
03,06,2019,10:07:44 10 36
03,06,2019,10:08:44 22 22
03,06,2019,10:09:44 8 4
03,06,2019,10:10:44 17 22
03,06,2019,10:11:44 0 15
03,06,2019,10:12:44 24 38
03,06,2019,10:13:44 37 39
03,06,2019,10:14:44 14 6
03,06,2019,10:15:44 9 29
03,06,2019,10:16:44 9 37
03,06,2019,10:17:44 15 24
03,06,2019,10:18:44 26 30
03,06,2019,10:19:44 21 25
03,06,2019,10:20:44 30 11
03,06,2019,10:21:44 33 25
03,06,2019,10:22:44 34 6
03,06,2019,10:23:44 25 9
03,06,2019,10:24:44 39 14
03,06,2019,10:25:44 35 24
03,06,2019,10:26:44 18 13
03,06,2019,10:27:44 30 4
03,06,2019,10:28:44 19 31
03,06,2019,10:29:44 25 23
03,06,2019,10:30:44 7 5
03,06,2019,10:31:44 33 0
03,06,2019,10:32:44 15 19
03,06,2019,10:33:44 8 15
03,06,2019,10:34:44 15 18
03,06,2019,10:35:44 34 28
03,06,2019,10:36:44 15 8
03,06,2019,10:37:44 23 21
03,06,2019,10:38:44 1 13
03,06,2019,10:39:44 7 7
03,06,2019,10:40:44 30 9
03,06,2019,10:41:44 15 18
03,06,2019,10:42:44 14 29
03,06,2019,10:43:44 20 10
03,06,2019,10:44:44 15 22
03,06,2019,10:45:44 39 27
03,06,2019,10:46:44 3 0
03,06,2019,10:47:44 8 34
03,06,2019,10:48:44 29 19
03,06,2019,10:49:44 19 23
03,06,2019,10:50:44 35 27
03,06,2019,10:51:44 31 7
03,06,2019,10:52:44 25 29
03,06,2019,10:53:44 6 25
03,06,2019,10:54:44 11 15
03,06,2019,10:55:44 36 39
03,06,2019,10:56:44 15 36
03,06,2019,10:57:44 34 39
03,06,2019,10:58:44 39 13
03,06,2019,10:59:44 17 21
03,06,2019,11:00:44 23 3
03,06,2019,11:01:44 1 13
03,06,2019,11:02:44 7 37
03,06,2019,11:03:44 28 14
03,06,2019,11:04:44 40 4
03,06,2019,11:05:44 2 33
03,06,2019,11:06:44 11 4
03,06,2019,11:07:44 7 32
03,06,2019,11:08:44 7 37
03,06,2019,11:09:44 23 30
03,06,2019,11:10:44 6 28
03,06,2019,11:11:44 29 10
03,06,2019,11:12:44 7 11
03,06,2019,11:13:44 16 5
03,06,2019,11:14:44 8 40
03,06,2019,11:15:44 32 7
03,06,2019,11:16:44 4 38
03,06,2019,11:17:44 8 35
